test/cut.grd
DSAA
151 101
300029.32484441 600058.64968883
199920.616952 399841.233904
51.321437835693 97.665550231934
[rows 42 to 62 of 101, columns 47 to 93 of 151]
65.559173583984 65.449226379395 65.3310546875 65.205177307129 65.072303771973 64.933296203613 64.789482116699 64.64274597168 64.49560546875 64.350914001465 64.211395263672 64.079200744629 63.955547332764 63.840579986572 63.733291625977 63.631591796875 63.532455444336 63.432231903076 63.326930999756 63.212779998779 63.086536407471 62.945796966553 62.78910446167 62.615921020508 62.426509857178 62.221843719482 62.003612518311 61.774429321289 61.538021087646 61.299194335938 61.063339233398 60.835552215576 60.619792938232 60.418441772461 60.232257843018 60.060939788818 59.903869628906 59.76078414917 59.63187789917 59.517528533936 59.417705535889 59.331813812256 59.258724212646 59.197132110596 59.145671844482 59.102855682373 59.066890716553
65.518371582031 65.410400390625 65.295021057129 65.171234130859 65.038993835449 64.899139404297 64.753410339355 64.604362487793 64.45516204834 64.309097290039 64.169052124023 64.037109375 63.914367675781 63.800937652588 63.696025848389 63.598033905029 63.504638671875 63.413166046143 63.320812225342 63.225158691406 63.124408721924 63.017459869385 62.90376663208 62.783138275146 62.655487060547 62.520793914795 62.379192352295 62.231353759766 62.07878112793 61.923873901367 61.76948928833 61.618194580078 61.471561431885 61.329929351807 61.192516326904 61.05814743042 60.926166534424 60.797058105469 60.672424316406 60.554302215576 60.444244384766 60.342853546143 60.249767303467 60.164047241211 60.08447265625 60.009624481201 59.937835693359
65.531150817871 65.422393798828 65.306526184082 65.181175231934 65.045631408691 64.900825500488 64.749015808105 64.593467712402 64.43798828125 64.286285400391 64.14136505127 64.005256652832 63.878997802734 63.76273727417 63.655975341797 63.557598114014 63.466075897217 63.379711151123 63.29700088501 63.217021942139 63.13952255249 63.064807891846 62.993305206299 62.925113677979 62.859729766846 62.795978546143 62.732288360596 62.667266845703 62.600131988525 62.530811309814 62.459625244141 62.386566162109 62.310832977295 62.230682373047 62.143768310547 62.048034667969 61.942691802979 61.828884124756 61.70947265625 61.588085174561 61.467834472656 61.350616455078 61.236980438232 61.126525878906 61.018310546875 60.911056518555 60.803295135498
65.602783203125 65.491561889648 65.37287902832 65.243034362793 65.10082244873 64.947273254395 64.785232543945 64.618690490723 64.452125549316 64.289726257324 64.134712219238 63.989196777344 63.854251861572 63.730255126953 63.617023468018 63.514049530029 63.420581817627 63.336009979248 63.260204315186 63.193828582764 63.138275146484 63.095226287842 63.065967559814 63.050731658936 63.048309326172 63.05615234375 63.070739746094 63.088481903076 63.106250762939 63.121585845947 63.132385253906 63.136295318604 63.130340576172 63.110931396484 63.074329376221 63.017658233643 62.939975738525 62.842853546143 62.730152130127 62.606781005859 62.477230072021 62.344623565674 62.210525512695 62.0751953125 61.938129425049 61.79833984375 61.654571533203
65.737945556641 65.624084472656 65.501579284668 65.365509033203 65.214195251465 65.048789978027 64.872650146484 64.690528869629 64.507629394531 64.328742980957 64.157539367676 63.996459960938 63.846897125244 63.709606170654 63.584888458252 63.472900390625 63.373779296875 63.288074493408 63.217121124268 63.163223266602 63.12939453125 63.118579864502 63.132690429688 63.171764373779 63.233551025391 63.313724517822 63.406566619873 63.506042480469 63.606639862061 63.703598022461 63.792644500732 63.869457244873 63.929302215576 63.967182159424 63.978351593018 63.959331512451 63.909015655518 63.829223632812 63.724407196045 63.600326538086 63.462554931641 63.315307617188 63.161102294922 63.000995635986 62.835071563721 62.662719726562 62.482990264893
65.939491271973 65.824882507324 65.699531555176 65.557312011719 65.395988464355 65.216728210449 65.023323059082 64.821212768555 64.616416931152 64.414558410645 64.220146179199 64.036376953125 63.865337371826 63.708446502686 63.566722869873 63.44108581543 63.332660675049 63.243267059326 63.17573928833 63.134033203125 63.122676849365 63.145660400391 63.205242156982 63.300888061523 63.428874969482 63.582653045654 63.75386428833 63.933776855469 64.114311218262 64.288520812988 64.450263977051 64.593727111816 64.713012695312 64.802299499512 64.856330871582 64.871383666992 64.846282958984 64.782905578613 64.685935974121 64.561569213867 64.416053771973 64.254508972168 64.080345153809 63.895458221436 63.700561523438 63.49556350708 63.279888153076
66.206825256348 66.096038818359 65.971458435059 65.825675964355 65.655647277832 65.462295532227 65.249580383301 65.023536682129 64.791137695312 64.559226989746 64.333686828613 64.119087219238 63.918773651123 63.735229492188 63.570434570312 63.426258087158 63.304889678955 63.20947265625 63.144367218018 63.115100860596 63.127536773682 63.186504364014 63.294281005859 63.449390411377 63.646194458008 63.87544631958 64.12565612793 64.384941101074 64.642433166504 64.888984680176 65.11693572998 65.319473266602 65.490257263184 65.62329864502 65.713409423828 65.757011413574 65.752967834473 65.703186035156 65.612213134766 65.486381530762 65.332298278809 65.155731201172 64.960960388184 64.750701904297 64.526382446289 64.288444519043 64.036796569824
66.534271240234 66.434631347656 66.317443847656 66.173713684082 65.999122619629 65.793785095215 65.561424255371 65.308471679688 65.043022155762 64.773666381836 64.508430480957 64.254096984863 64.015953063965 63.798110961914 63.603778839111 63.435947418213 63.297962188721 63.194286346436 63.130718231201 63.11421585083 63.151798248291 63.248859405518 63.407421112061 63.624774932861 63.893005371094 64.199737548828 64.529830932617 64.86775970459 65.199508666992 65.513633728027 65.801155090332 66.054908752441 66.26872253418 66.437164306641 66.555625915527 66.62100982666 66.632415771484 66.591636657715 66.502998352051 66.372688293457 66.207496643066 66.013740539551 65.796531677246 65.559417724609 65.304611206055 65.033164978027 64.745491027832
66.909271240234 66.83031463623 66.729789733887 66.596702575684 66.424751281738 66.212387084961 65.962371826172 65.681221008301 65.378303527832 65.064605712891 64.751243591309 64.448188781738 64.163551330566 63.903610229492 63.673229217529 63.476642608643 63.318420410156 63.20422744751 63.141174316406 63.137401580811 63.200794219971 63.337066650391 63.547779083252 63.828777313232 64.169692993164 64.554779052734 64.964920043945 65.380516052246 65.783966064453 66.161338806152 66.502510070801 66.800285339355 67.049346923828 67.245361328125 67.384765625 67.465156555176 67.485908508301 67.448661804199 67.357444763184 67.218185424805 67.037841796875 66.823333740234 66.580635070801 66.314308166504 66.027389526367 65.721672058105 65.398086547852
67.311195373535 67.263130187988 67.189949035645 67.078224182129 66.918769836426 66.70728302002 66.444549560547 66.136573791504 65.794067382812 65.431030273438 65.062629699707 64.703086853027 64.364234924316 64.055198669434 63.782848358154 63.552906036377 63.371112823486 63.244220733643 63.180358886719 63.18851852417 63.277088165283 63.451793670654 63.713497161865 64.056571960449 64.46826171875 64.929565429688 65.417419433594 65.908042907715 66.380012512207 66.81665802002 67.206573486328 67.542793273926 67.821144104004 68.038749694824 68.193305969238 68.283203125 68.307998657227 68.269134521484 68.170249938965 68.017097473145 67.816925048828 67.577392578125 67.30558013916 67.00724029541 66.686462402344 66.34587097168 65.986961364746
67.711807250977 67.703178405762 67.667274475098 67.587913513184 67.452201843262 67.251823425293 66.984375 66.654563903809 66.274169921875 65.86058807373 65.433784484863 65.01309967041 64.614906311035 64.251831054688 63.93323135376 63.666522979736 63.45862197876 63.317180633545 63.250946044922 63.269313812256 63.380702972412 63.590454101562 63.898517608643 64.297798156738 64.773475646973 65.303840637207 65.862495422363 66.421913146973 66.957054138184 67.448394775391 67.883056640625 68.254028320312 68.558219909668 68.794174194336 68.960784912109 69.057037353516 69.082542419434 69.038414001465 68.92797088623 68.75691986084 68.532936096191 68.264747619629 67.960807800293 67.628295898438 67.272621154785 66.89737701416 66.504684448242
68.07852935791 68.113746643066 68.121574401855 68.083198547363 67.981506347656 67.803199768066 67.541526794434 67.198799133301 66.787322998047 66.327674865723 65.844779968262 65.36351776123 64.905334472656 64.486938476562 64.120643615723 63.815868377686 63.580749511719 63.423614501953 63.353454589844 63.379486083984 63.509624481201 63.748302459717 64.094306945801 64.539123535156 65.066352844238 65.652450561523 66.268829345703 66.885375976562 67.474296569824 68.013526916504 68.488548278809 68.89183807373 69.220718383789 69.474617004395 69.653099060059 69.755378723145 69.780860900879 69.730308532715 69.606781005859 69.416145324707 69.166801452637 68.86865234375 68.531761169434 68.164985656738 67.775268554688 67.367340087891 66.944007873535
68.380805969238 68.458160400391 68.510307312012 68.51636505127 68.455207824707 68.308166503906 68.063385009766 67.719879150391 67.28938293457 66.794761657715 66.265205383301 65.730781555176 65.21802520752 64.748054504395 64.336601257324 63.995407104492 63.73401260376 63.561275482178 63.485992431641 63.516677856445 63.66011428833 63.919353485107 64.291717529297 64.767311096191 65.328628540039 65.951301574707 66.60604095459 67.261871337891 67.889717102051 68.466011047363 68.974723815918 69.40731048584 69.760559082031 70.033676147461 70.225997924805 70.336311340332 70.363563537598 70.308166503906 70.173179626465 69.964820861816 69.692291259766 69.36678314209 68.99991607666 68.602325439453 68.18253326416 67.746505737305 67.297859191895
68.597412109375 68.708839416504 68.798973083496 68.846015930176 68.825698852539 68.714698791504 68.496086120605 68.164947509766 67.731262207031 67.21851348877 66.658592224121 66.08544921875 65.530097961426 65.017944335938 64.568389892578 64.195922851562 63.911647796631 63.724895477295 63.64400100708 63.676280975342 63.826854705811 64.096961975098 64.482200622559 64.971343994141 65.546211242676 66.18253326416 66.851776123047 67.523918151855 68.170555114746 68.768096923828 69.299781799316 69.755798339844 70.131492614746 70.424560546875 70.632942199707 70.754264831543 70.786720275879 70.730514526367 70.588890075684 70.368583679199 70.079559326172 69.734031677246 69.344924926758 68.924339294434 68.482276916504 68.025939941406 67.559753417969
68.721321105957 68.854148864746 68.97029876709 69.048332214355 69.062507629395 68.986366271973 68.798950195312 68.491439819336 68.070945739746 67.559700012207 66.98999786377 66.397758483887 65.817085266113 65.277076721191 64.800720214844 64.405395507812 64.104011535645 63.906421661377 63.8203125 63.851440429688 64.0029296875 64.273918151855 64.658149719238 65.143211364746 65.710624694824 66.336921691895 66.995460510254 67.658714294434 68.300804138184 68.899795532227 69.439308166504 69.908592224121 70.300971984863 70.611694335938 70.836326599121 70.970664978027 71.012031555176 70.96044921875 70.819496154785 70.596397399902 70.301582336426 69.947776794434 69.54859161377 69.117027282715 68.664184570312 68.19832611084 67.72469329834
68.75984954834 68.900062561035 69.027824401855 69.123146057129 69.160629272461 69.112739562988 68.95622253418 68.679069519043 68.285011291504 67.793357849121 67.234596252441 66.644371032715 66.058097839355 65.507392883301 65.01830291748 64.610954284668 64.300102233887 64.096130371094 64.00602722168 64.033866882324 64.180564880371 64.443077087402 64.813407897949 65.278175354004 65.819007873535 66.413841247559 67.038627624512 67.669395446777 68.283966064453 68.863441467285 69.392936706543 69.861335754395 70.260078430176 70.581665039062 70.81893157959 70.965751647949 71.018455505371 70.976936340332 70.844993591309 70.630035400391 70.342430114746 69.994674682617 69.600273132324 69.172386169434 68.722640991211 68.260032653809 67.790473937988
68.729789733887 68.865447998047 68.991798400879 69.090950012207 69.139213562012 69.109924316406 68.979438781738 68.733833312988 68.373634338379 67.914367675781 67.383125305176 66.813407897949 66.240112304688 65.695899963379 65.208839416504 64.801223754883 64.489402770996 64.28426361084 64.192077636719 64.21524810791 64.352508544922 64.598709106445 64.9443359375 65.375450134277 65.874290466309 66.420654296875 66.99356842041 67.573036193848 68.141105651855 68.682479858398 69.184432983398 69.636131286621 70.027648925781 70.349250793457 70.591583251953 70.747001647949 70.811111450195 70.783592224121 70.668113708496 70.471687316895 70.203918457031 69.876350402832 69.501533508301 69.092109680176 68.659538269043 68.213104248047 67.759216308594
68.650276184082 68.773628234863 68.889709472656 68.982688903809 69.031219482422 69.010871887207 68.899147033691 68.681648254395 68.356506347656 67.935554504395 67.441886901855 66.905700683594 66.35994720459 65.83683013916 65.365119934082 64.968376159668 64.663917541504 64.46297454834 64.371101379395 64.389152526855 64.513854980469 64.738182067871 65.051445007324 65.439575195312 65.885902404785 66.372550964355 66.881874084473 67.397880554199 67.906684875488 68.396476745605 68.856704711914 69.277168273926 69.647308349609 69.956169128418 70.193374633789 70.350708007812 70.423545837402 70.411285400391 70.316963195801 70.146522521973 69.908149719238 69.611747741699 69.268394470215 68.889518737793 68.48592376709 68.066711425781 67.638427734375
68.536499023438 68.644317626953 68.746063232422 68.827537536621 68.869743347168 68.850929260254 68.750778198242 68.55558013916 68.262260437012 67.879737854004 67.427368164062 66.931678771973 66.422866821289 65.931480407715 65.485694885254 65.109153747559 64.819488525391 64.627807617188 64.539009094238 64.552574157715 64.663566589355 64.863395690918 65.14054107666 65.481178283691 65.8701171875 66.29207611084 66.73282623291 67.180122375488 67.623680114746 68.054527282715 68.463874816895 68.842224121094 69.17894744873 69.463043212891 69.684440612793 69.835502624512 69.911979675293 69.912994384766 69.84056854248 69.699005126953 69.494529724121 69.23509979248 68.929908752441 68.588920593262 68.221855163574 67.837226867676 67.44140625
68.396644592285 68.489013671875 68.576103210449 68.644752502441 68.677894592285 68.656394958496 68.562446594238 68.383903503418 68.117515563965 67.770347595215 67.358757019043 66.905937194824 66.438987731934 65.98607635498 65.573738098145 65.224678039551 64.955978393555 64.778266906738 64.695701599121 64.706703186035 64.805030822754 64.980979919434 65.222496032715 65.516212463379 65.848579406738 66.206932067871 66.580299377441 66.959770202637 67.338005065918 67.708168029785 68.062705993652 68.392608642578 68.687660217285 68.937705993652 69.134056091309 69.270599365234 69.344024658203 69.353332519531 69.299324035645 69.184448242188 69.012802124023 68.790222167969 68.524055480957 68.222602844238 67.894386291504 67.547050476074 67.186515808105
68.232482910156 68.311042785645 68.385009765625 68.441825866699 68.46590423584 68.440315246582 68.349769592285 68.183982849121 67.940322875977 67.624961853027 67.252113342285 66.842185974121 66.419288635254 66.00887298584 65.635162353516 65.319145202637 65.076637268066 64.917419433594 64.844863891602 64.856590270996 64.945510864258 65.101226806641 65.31143951416 65.563362121582 65.844917297363 66.145790100098 66.457862854004 66.775047302246 67.092346191406 67.404426574707 67.70450592041 67.98397064209 68.233276367188 68.443588256836 68.608222961426 68.723106384277 68.786201477051 68.796615600586 68.754119873047 68.659400939941 68.514579772949 68.32356262207 68.091918945312 67.82642364502 67.534309387207 67.222312927246 66.895706176758
