test/cut.grd
DSAA
151 101
300029.32484441 600058.64968883
199920.616952 399841.233904
51.321437835693 97.665550231934
[rows 21 to 41 of 101, columns 94 to 140 of 151]
56.888690948486 56.768814086914 56.704452514648 56.694385528564 56.736877441406 56.829498291016 56.968677520752 57.149089813232 57.363269805908 57.601863861084 57.854553222656 58.111614227295 58.365386962891 58.611011505127 58.846416473389 59.071506500244 59.287303924561 59.495349884033 59.697437286377 59.895030975342 60.08837890625 60.275684356689 60.453220367432 60.616840362549 60.764385223389 60.897583007812 61.022846221924 61.150371551514 61.292827606201 61.463787078857 61.67679977417 61.944889068604 62.280487060547 62.695362091064 63.200531005859 63.805889129639 64.519561767578 65.346870422363 66.289237976074 67.343391418457 68.501396179199 69.751159667969 71.077346801758 72.4619140625 73.88452911377 75.32251739502 76.751182556152
55.62911605835 55.562763214111 55.55436706543 55.600555419922 55.697250366211 55.839660644531 56.021953582764 56.236888885498 56.475696563721 56.728435516357 56.985061645508 57.236728668213 57.476959228516 57.7021484375 57.911327362061 58.105449676514 58.286651611328 58.457866668701 58.62255859375 58.784076690674 58.944610595703 59.104084014893 59.260040283203 59.409027099609 59.548816680908 59.680267333984 59.808258056641 59.941150665283 60.089794158936 60.26628112793 60.483211517334 60.753192901611 61.088592529297 61.501483917236 62.003437042236 62.605083465576 63.315399169922 64.14038848877 65.081962585449 66.137062072754 67.297782897949 68.552040100098 69.884422302246 71.276466369629 72.706764221191 74.150756835938 75.58137512207
54.558727264404 54.547954559326 54.595764160156 54.696849822998 54.845123291016 55.033798217773 55.255218505859 55.50065612793 55.760364532471 56.024112701416 56.282169342041 56.526470184326 56.751525878906 56.954700469971 57.135944366455 57.297206878662 57.441783905029 57.574066162109 57.699153900146 57.822101593018 57.946689605713 58.074230194092 58.203426361084 58.331588745117 58.456676483154 58.579082489014 58.702587127686 58.834075927734 58.982807159424 59.159564971924 59.375926971436 59.643795013428 59.975158691406 60.381847381592 60.875461578369 61.466899871826 62.165607452393 62.978210449219 63.907318115234 64.950660705566 66.101226806641 67.347877502441 68.675964355469 70.067253112793 71.499687194824 72.946998596191 74.379692077637
53.677734375 53.723266601562 53.826229095459 53.979675292969 54.175857543945 54.406387329102 54.662220001221 54.933574676514 55.210113525391 55.481555938721 55.738582611084 55.973819732666 56.182559967041 56.362934112549 56.515605926514 56.64338684082 56.750713348389 56.843353271484 56.927906036377 57.010875701904 57.097270965576 57.189533233643 57.287384033203 57.388912200928 57.492443084717 57.598217010498 57.709354400635 57.831707000732 57.973377227783 58.144069671631 58.354431152344 58.615612030029 58.938884735107 59.33549118042 59.816543579102 60.392700195312 61.07341003418 61.865661621094 62.772792816162 63.793682098389 64.922813415527 66.150749206543 67.464241027832 68.845878601074 70.273292541504 71.718894958496 73.151069641113
52.981410980225 53.081897735596 53.237197875977 53.438968658447 53.678165435791 53.945224761963 54.230113983154 54.522399902344 54.811553955078 55.087463378906 55.341320037842 55.566375732422 55.7585105896 55.916393280029 56.041217803955 56.136486053467 56.207592010498 56.261489868164 56.306030273438 56.348796844482 56.3957862854 56.450336456299 56.512996673584 56.582641601562 56.658123016357 56.73978805542 56.830505371094 56.935546875 57.06237411499 57.219944000244 57.418182373047 57.66748046875 57.978252410889 58.36088180542 58.825622558594 59.382411956787 60.040264129639 60.806163787842 61.684009552002 62.673931121826 63.772277832031 64.971656799316 66.260704040527 67.623146057129 69.036773681641 70.473083496094 71.898963928223
52.460948944092 52.612670898438 52.815494537354 53.059986114502 53.33614730835 53.63357925415 53.941677093506 54.249752044678 54.547359466553 54.824817657471 55.073863983154 55.288314819336 55.464477539062 55.601318359375 55.70036315918 55.765575408936 55.803050994873 55.820629119873 55.827007293701 55.830577850342 55.838001251221 55.85330581665 55.877819061279 55.911151885986 55.952777862549 56.003452301025 56.066116333008 56.145984649658 56.250244140625 56.387523651123 56.567218780518 56.79903793335 57.092544555664 57.45707321167 57.901824951172 58.435684204102 59.066864013672 59.801959991455 60.645175933838 61.597766876221 62.657897949219 63.820373535156 65.075798034668 66.409248352051 67.798988342285 69.21622467041 70.627105712891
52.104969024658 52.301860809326 52.545505523682 52.825672149658 53.13171005249 53.45276260376 53.77795791626 54.0966796875 54.398838043213 54.675308227539 54.918445587158 55.12251663208 55.284076690674 55.402210235596 55.478542327881 55.517253875732 55.524841308594 55.509609222412 55.480773925781 55.447132110596 55.415802001953 55.391315460205 55.375713348389 55.369384765625 55.372528076172 55.386486053467 55.414638519287 55.462451934814 55.537273406982 55.647617340088 55.802593231201 56.011302947998 56.2825050354 56.624542236328 57.045455932617 57.552959442139 58.154186248779 58.855060577393 59.659786224365 60.570430755615 61.58674621582 62.705455780029 63.919006347656 65.213836669922 66.568946838379 67.955848693848 69.340751647949
51.901073455811 52.135059356689 52.411266326904 52.718906402588 53.046997070312 53.384510040283 53.720638275146 54.045032501221 54.348140716553 54.621494293213 54.858013153076 55.052307128906 55.201049804688 55.303241729736 55.360401153564 55.376697540283 55.358684539795 55.31477355957 55.254283905029 55.186138153076 55.117656707764 55.053802490234 54.997268676758 54.94926071167 54.910827636719 54.884063720703 54.872974395752 54.883575439453 54.923503875732 55.001392364502 55.126159667969 55.306476593018 55.550415039062 55.865417480469 56.258453369141 56.736057281494 57.304210662842 57.968017578125 58.731365203857 59.596817016602 60.565189361572 61.634685516357 62.799236297607 64.046478271484 65.356346130371 66.701141357422 68.047996520996
51.836910247803 52.098575592041 52.397998809814 52.724182128906 53.066082000732 53.412769317627 53.753711700439 54.079040527344 54.379795074463 54.648128509521 54.877452850342 55.062633514404 55.200286865234 55.289218902588 55.33069229126 55.32861328125 55.289276123047 55.220874786377 55.132495880127 55.032909393311 54.929500579834 54.827575683594 54.730480194092 54.640289306641 54.558948516846 54.48942565918 54.436473846436 54.406658172607 54.408054351807 54.449459075928 54.539707183838 54.687152862549 54.899322509766 55.182941436768 55.544063568115 55.988189697266 56.520236968994 57.144420623779 57.864170074463 58.682098388672 59.599597930908 60.615753173828 61.725475311279 62.917327880859 64.17227935791 65.463874816895 66.760810852051
51.900867462158 52.180110931396 52.492946624756 52.828475952148 53.175853729248 53.524505615234 53.864353179932 54.18607711792 54.481311798096 54.742748260498 54.9641456604 55.140506744385 55.268341064453 55.346164703369 55.374858856201 55.35786819458 55.301021575928 55.21195602417 55.099277496338 54.971408843994 54.835697174072 54.697772979736 54.561614990234 54.430156707764 54.306304931641 54.193923950195 54.098499298096 54.027160644531 53.988330841064 53.990962982178 54.043853759766 54.155132293701 54.331939697266 54.580463409424 54.90608215332 55.313449859619 55.806621551514 56.388977050781 57.063385009766 57.832195281982 58.696880340576 59.656787872314 60.707294464111 61.837615966797 63.029735565186 64.258781433105 65.495582580566
52.082244873047 52.36897277832 52.685546875 53.021411895752 53.366195678711 53.709842681885 54.042873382568 54.356548309326 54.643035888672 54.895420074463 55.1077003479 55.274890899658 55.393360137939 55.461315155029 55.479198455811 55.449878692627 55.378490447998 55.271923065186 55.138092041016 54.985004425049 54.819858551025 54.648571014404 54.475734710693 54.305171966553 54.140720367432 53.987079620361 53.850414276123 53.738300323486 53.659404754639 53.622776031494 53.637145996094 53.710475921631 53.849658966064 54.060520172119 54.34797668457 54.716083526611 55.168212890625 55.707096099854 56.334995269775 57.053791046143 57.864593505859 58.766551971436 59.755016326904 60.819622039795 61.943378448486 63.103225708008 64.272529602051
52.371105194092 52.655841827393 52.967082977295 53.294872283936 53.629455566406 53.961483001709 54.282131195068 54.583251953125 54.857471466064 55.098133087158 55.299365997314 55.456146240234 55.564697265625 55.622928619385 55.630828857422 55.590618133545 55.506610870361 55.384857177734 55.232494354248 55.056987762451 54.865352630615 54.663745880127 54.457366943359 54.250843048096 54.048900604248 53.85697555542 53.681793212891 53.531246185303 53.414119720459 53.339435577393 53.315830230713 53.35111618042 53.452007293701 53.624130249023 53.872100830078 54.199615478516 54.609592437744 55.104217529297 55.685199737549 56.353820800781 57.110549926758 57.953990936279 58.879199981689 59.876068115234 60.928638458252 62.015869140625 63.113861083984
52.757984161377 53.032245635986 53.330028533936 53.642120361328 53.959548950195 54.273727416992 54.576538085938 54.860412597656 55.118366241455 55.343975067139 55.531372070312 55.675525665283 55.772521972656 55.820007324219 55.817516326904 55.766632080078 55.670841217041 55.535308837891 55.366374969482 55.170909881592 54.955730438232 54.727172851562 54.490936279297 54.252368927002 54.016952514648 53.790786743164 53.580997467041 53.395671844482 53.243545532227 53.133533477783 53.07409286499 53.072864532471 53.136470794678 53.270404815674 53.479160308838 53.766208648682 54.134174346924 54.584857940674 55.119445800781 55.738552093506 56.441913604736 57.22741317749 58.089691162109 59.018901824951 60.000213623047 61.014667510986 62.041187286377
53.233470916748 53.489959716797 53.767253875732 54.056957244873 54.350952148438 54.641445159912 54.921039581299 55.182773590088 55.420013427734 55.62650680542 55.796466827393 55.924823760986 56.007568359375 56.042144775391 56.027683258057 55.965179443359 55.857357025146 55.708568572998 55.524368286133 55.311080932617 55.075241088867 54.82328414917 54.561279296875 54.295169830322 54.03104019165 53.775478363037 53.535892486572 53.320404052734 53.137630462646 52.996231079102 52.904449462891 52.869750976562 52.898635864258 52.996555328369 53.16792678833 53.416126251221 53.743579864502 54.151790618896 54.641468048096 55.212604522705 55.864170074463 56.593349456787 57.394466400146 58.258007049561 59.170391082764 60.114765167236 61.07279586792
53.787902832031 54.020526885986 54.271362304688 54.532909393311 54.797870635986 55.059276580811 55.310451507568 55.544994354248 55.756671905518 55.939464569092 56.087677001953 56.196258544922 56.261157989502 56.279674530029 56.250640869141 56.174549102783 56.053527832031 55.891216278076 55.692501068115 55.463165283203 55.209445953369 54.937732696533 54.654342651367 54.365585327148 54.077968597412 53.798400878906 53.534435272217 53.294101715088 53.08581161499 52.917919158936 52.798374176025 52.734462738037 52.732543945312 52.798015594482 52.935256958008 53.147567749023 53.437229156494 53.805484771729 54.252655029297 54.778148651123 55.380279541016 56.055709838867 56.79861831665 57.600021362305 58.447681427002 59.326801300049 60.221477508545
54.411243438721 54.614978790283 54.834400177002 55.06286239624 55.293884277344 55.521270751953 55.739059448242 55.941425323486 56.122570037842 56.276737213135 56.398426055908 56.482666015625 56.525463104248 56.524036407471 56.477031707764 56.384632110596 56.248504638672 56.071781158447 55.858814239502 55.614898681641 55.345916748047 55.058086395264 54.75777053833 54.451446533203 54.145824432373 53.847949981689 53.565353393555 53.305919647217 53.077754974365 52.888896942139 52.746982574463 52.659038543701 52.631267547607 52.6689453125 52.776401519775 52.956832885742 53.212371826172 53.544036865234 53.951797485352 54.434619903564 54.99036026001 55.615371704102 56.303943634033 57.047801971436 57.836101531982 58.655944824219 59.493511199951
55.093212127686 55.263977050781 55.447895050049 55.63911819458 55.831958770752 56.020946502686 56.200794219971 56.366256713867 56.511981964111 56.632583618164 56.722793579102 56.77787399292 56.793941497803 56.768260955811 56.699432373047 56.587512969971 56.433940887451 56.241519927979 56.01420211792 55.756851196289 55.474979400635 55.174510955811 54.861633300781 54.542774200439 54.224620819092 53.914157867432 53.618801116943 53.346160888672 53.104053497314 52.900135040283 52.741718292236 52.635528564453 52.587512969971 52.602794647217 52.685512542725 52.838748931885 53.064464569092 53.363445281982 53.735401153564 54.179000854492 54.69185256958 55.270294189453 55.908946990967 56.600383758545 57.335132598877 58.101978302002 58.888751983643
55.823467254639 55.957992553711 56.103099822998 56.253681182861 56.404773712158 56.551609039307 56.689514160156 56.813785552979 56.919582366943 57.001895904541 57.055847167969 57.076976776123 57.061664581299 57.007343292236 56.912754058838 56.777996063232 56.604476928711 56.394863128662 56.152858734131 55.882961273193 55.590259552002 55.280284881592 54.958877563477 54.632190704346 54.306713104248 53.989208221436 53.686824798584 53.406871795654 53.15678024292 52.94384765625 52.774993896484 52.656581878662 52.59423828125 52.592803955078 52.656177520752 52.787231445312 52.987701416016 53.258190155029 53.598217010498 54.006313323975 54.480072021484 55.016021728516 55.609325408936 56.253498077393 56.940322875977 57.659999847412 58.401622772217
56.592102050781 56.687877655029 56.791584014893 56.898845672607 57.005352020264 57.106945037842 57.199542999268 57.278964996338 57.340839385986 57.380657196045 57.393966674805 57.376754760742 57.325744628906 57.238719940186 57.114673614502 56.953948974609 56.758117675781 56.529857635498 56.272724151611 55.990917205811 55.689075469971 55.372249603271 55.045795440674 54.715465545654 54.38737487793 54.067951202393 53.763957977295 53.482341766357 53.230075836182 53.014041900635 52.840702056885 52.716003417969 52.645172119141 52.632659912109 52.682048797607 52.795902252197 52.975749969482 53.221988677979 53.534042358398 53.910449981689 54.348979949951 54.846515655518 55.39888381958 56.000549316406 56.644420623779 57.321865081787 58.022884368896
57.389598846436 57.444797515869 57.505237579346 57.567199707031 57.626964569092 57.680969238281 57.725605010986 57.757190704346 57.771854400635 57.765625 57.734592437744 57.675281524658 57.584930419922 57.461750030518 57.305164337158 57.115894317627 56.895771026611 56.647644042969 56.374984741211 56.081714630127 55.772033691406 55.450439453125 55.121780395508 54.791290283203 54.464649200439 54.147815704346 53.847106933594 53.568981170654 53.319927215576 53.106288909912 52.934032440186 52.808589935303 52.734714508057 52.716400146484 52.756824493408 52.858234405518 53.021862030029 53.247970581055 53.535949707031 53.884441375732 54.291488647461 54.754459381104 55.269897460938 55.833160400391 56.438171386719 57.077228546143 57.741012573242
58.206981658936 58.220432281494 58.236419677734 58.251781463623 58.263385772705 58.268123626709 58.262859344482 58.244373321533 58.209323883057 58.154308319092 58.076099395752 57.971843719482 57.839385986328 57.677520751953 57.486186981201 57.266540527344 57.020801544189 56.751983642578 56.463562011719 56.1591796875 55.842609405518 55.517826080322 55.189128875732 54.861225128174 54.539276123047 54.228763580322 53.935482025146 53.665294647217 53.424118041992 53.217697143555 53.051403045654 52.930095672607 52.857975006104 52.83854675293 52.874515533447 52.967758178711 53.119243621826 53.329082489014 53.5966796875 53.920822143555 54.299907684326 54.731811523438 55.213787078857 55.742046356201 56.311401367188 56.914916992188 57.543807983398
