test/cut.grd
DSAA
151 101
300029.32484441 600058.64968883
199920.616952 399841.233904
51.321437835693 97.665550231934
[rows 42 to 62 of 101, columns 94 to 140 of 151]
59.035671234131 59.00679397583 58.977722167969 58.945831298828 58.908451080322 58.862926483154 58.806537628174 58.736511230469 58.650074005127 58.544494628906 58.417266845703 58.266284942627 58.090091705322 57.888118743896 57.660869598389 57.409984588623 57.138061523438 56.848308563232 56.544170379639 56.229053497314 55.906337738037 55.579498291016 55.252300262451 54.928966522217 54.614135742188 54.312770843506 54.030090332031 53.771343231201 53.541767120361 53.346446990967 53.190082550049 53.076915740967 53.010547637939 52.993915557861 53.029277801514 53.118076324463 53.2610206604 53.458087921143 53.708667755127 54.011753082275 54.366054534912 54.769989013672 55.221466064453 55.717502593994 56.253711700439 56.823822021484 57.419448852539
59.867279052734 59.795917510986 59.721660614014 59.642333984375 59.555713653564 59.459533691406 59.351474761963 59.229259490967 59.090686798096 58.933788299561 58.756832122803 58.558536529541 58.338180541992 58.095886230469 57.832721710205 57.550792694092 57.252990722656 56.942687988281 56.623291015625 56.297985076904 55.96976852417 55.641693115234 55.317047119141 54.999588012695 54.693454742432 54.403102874756 54.133159637451 53.888233184814 53.672866821289 53.49142074585 53.347896575928 53.245853424072 53.188278198242 53.177536010742 53.21537399292 53.302822113037 53.440296173096 53.627624511719 53.864185333252 54.149127960205 54.481494903564 54.860198974609 55.283794403076 55.750011444092 56.2551612854 56.793567657471 57.357250213623
60.693386077881 60.579650878906 60.460388183594 60.333827972412 60.198139190674 60.051448822021 59.891864776611 59.717620849609 59.527164459229 59.319286346436 59.093105316162 58.848148345947 58.584487915039 58.302886962891 58.004955291748 57.693187713623 57.370693206787 57.040924072266 56.707183837891 56.372455596924 56.039447784424 55.710781097412 55.389362335205 55.078506469727 54.781917572021 54.503520965576 54.247417449951 54.017578125 53.817867279053 53.651927947998 53.523040771484 53.43408203125 53.387378692627 53.38472366333 53.427349090576 53.515857696533 53.65034866333 53.830471038818 54.055583953857 54.324970245361 54.637981414795 54.993991851807 55.39213180542 55.830768585205 56.306835174561 56.815143585205 57.34818649292
61.505451202393 61.349590301514 61.185657501221 61.012298583984 60.82808303833 60.631542205811 60.42126083374 60.196014404297 59.954936981201 59.697555541992 59.423828125 59.134120941162 58.829204559326 58.510467529297 58.179973602295 57.840496063232 57.495269775391 57.147731781006 56.801055908203 56.4580078125 56.120998382568 55.792339324951 55.474590301514 55.170650482178 54.883823394775 54.617599487305 54.375537872314 54.161083221436 53.977436065674 53.827579498291 53.714111328125 53.639209747314 53.604564666748 53.611385345459 53.660354614258 53.751678466797 53.885097503662 54.060054779053 54.275890350342 54.53201675415 54.828063964844 55.163822174072 55.538928985596 55.95227432251 56.401294708252 56.88130569458 57.385219573975
62.294811248779 62.09712600708 61.888996124268 61.669483184814 61.437618255615 61.192409515381 60.932952880859 60.658584594727 60.369110107422 60.064785003662 59.746322631836 59.414840698242 59.071781158447 58.719058990479 58.359069824219 57.994777679443 57.629428863525 57.266357421875 56.908557891846 56.558563232422 56.218536376953 55.890544891357 55.576763153076 55.279804229736 55.002590179443 54.748210906982 54.519794464111 54.320281982422 54.152347564697 54.018360137939 53.920257568359 53.859607696533 53.837451934814 53.854419708252 53.910675048828 54.005962371826 54.139682769775 54.311107635498 54.519515991211 54.764453887939 55.045810699463 55.363750457764 55.718292236328 56.108776092529 56.533020019531 56.98677444458 57.463451385498
63.052829742432 62.813709259033 62.562026977539 62.297313690186 62.019123077393 61.726993560791 61.420562744141 61.09977722168 60.765014648438 60.417209625244 60.057750701904 59.688373565674 59.311111450195 58.928253173828 58.542469024658 58.156784057617 57.77437210083 57.398376464844 57.031581878662 56.676300048828 56.334453582764 56.007831573486 55.698383331299 55.408397674561 55.140476226807 54.897388458252 54.681896209717 54.49654006958 54.343521118164 54.224697113037 54.141437530518 54.094696044922 54.084945678711 54.112213134766 54.176174163818 54.276096343994 54.411102294922 54.580242156982 54.782794952393 55.018436431885 55.287281036377 55.589794158936 55.926330566406 56.296497344971 56.698467254639 57.128356933594 57.58012008667
63.77112197876 63.491191864014 63.196949005127 62.888469696045 62.565845489502 62.229190826416 61.878711700439 61.514904022217 61.138690948486 60.751575469971 60.355487823486 59.952697753906 59.545654296875 59.136966705322 58.729434967041 58.326061248779 57.929874420166 57.543804168701 57.170391082764 56.811702728271 56.469421386719 56.145111083984 55.840484619141 55.557586669922 55.298740386963 55.06644821167 54.863178253174 54.691143035889 54.552173614502 54.447689056396 54.378555297852 54.345169067383 54.347431182861 54.384857177734 54.45658493042 54.561504364014 54.698425292969 54.86625289917 55.064281463623 55.292308807373 55.550678253174 55.840091705322 56.161144256592 56.513660430908 56.896057128906 57.304809570312 57.734394073486
64.441719055176 64.122047424316 63.786865234375 63.436763763428 63.072372436523 62.694351196289 62.303436279297 61.900615692139 61.4873046875 61.065460205078 60.637462615967 60.205974578857 59.773773193359 59.343658447266 58.918491363525 58.501190185547 58.094608306885 57.701416015625 57.323902130127 56.9638671875 56.622783660889 56.301982879639 56.00297164917 55.727558135986 55.477878570557 55.256191253662 55.064743041992 54.905487060547 54.77995300293 54.689151763916 54.633525848389 54.612945556641 54.626800537109 54.674068450928 54.753437042236 54.863445281982 55.002643585205 55.169872283936 55.364440917969 55.586303710938 55.836025238037 56.114505767822 56.422527313232 56.760089874268 57.125793457031 57.516422271729 57.92696762085
65.057189941406 64.699546813965 64.325927734375 63.937305450439 63.534748077393 63.119354248047 62.692291259766 62.254974365234 61.809246063232 61.357433319092 60.902297973633 60.446796417236 59.993927001953 59.546642303467 59.107791900635 58.680194854736 58.266498565674 57.869140625 57.490100860596 57.130950927734 56.792919158936 56.477142333984 56.184917449951 55.917858123779 55.677917480469 55.467166900635 55.287677764893 55.141162872314 55.028881072998 54.951496124268 54.909046173096 54.90092086792 54.925998687744 54.982788085938 55.069561004639 55.184539794922 55.326145172119 55.493175506592 55.68505859375 55.90189743042 56.144500732422 56.413990020752 56.711322784424 57.036632537842 57.388660430908 57.764484405518 58.159488677979
65.610649108887 65.217781066895 64.809303283691 64.386390686035 63.950317382812 63.502410888672 63.044139862061 62.577255249023 62.10396194458 61.626953125 61.14928817749 60.674179077148 60.204822540283 59.744262695312 59.29536819458 58.860851287842 58.443157196045 58.044452667236 57.666484832764 57.310558319092 56.977661132812 56.668743133545 56.384906768799 56.127605438232 55.898590087891 55.699779510498 55.53303527832 55.39986038208 55.301219940186 55.237468719482 55.208209991455 55.212398529053 55.248443603516 55.314403533936 55.408214569092 55.527877807617 55.671741485596 55.838687896729 56.02827835083 56.240901947021 56.477619171143 56.739837646484 57.028686523438 57.344455718994 57.686004638672 58.05057144165 58.433856964111
66.095794677734 65.67162322998 65.233085632324 64.781242370605 64.317283630371 63.842533111572 63.358581542969 62.867389678955 62.371501922607 61.873950958252 61.378112792969 60.887477874756 60.405414581299 59.93510055542 59.479412078857 59.041004180908 58.622150421143 58.224788665771 57.850391387939 57.500049591064 57.174549102783 56.874633789062 56.601238250732 56.355640411377 56.139404296875 55.954223632812 55.801712036133 55.68310546875 55.599075317383 55.549602508545 55.533874511719 55.550426483154 55.597198486328 55.671901702881 55.772216796875 55.896030426025 56.041732788086 56.208354949951 56.395740509033 56.60461807251 56.836414337158 57.092876434326 57.375385284424 57.68436050415 58.018749237061 58.375854492188 58.751525878906
66.506805419922 66.056571960449 65.593940734863 65.119575500488 64.634246826172 64.139007568359 63.635345458984 63.125354766846 62.611888885498 62.098369598389 61.588531494141 61.086151123047 60.594837188721 60.117908477783 59.658355712891 59.218776702881 58.801319122314 58.407745361328 58.039295196533 57.696884155273 57.381114959717 57.092578887939 56.832057952881 56.600612640381 56.399570465088 56.230316162109 56.094146728516 55.991912841797 55.923908233643 55.889698028564 55.888042449951 55.917011260986 55.974201202393 56.057033538818 56.163036346436 56.290172576904 56.43696975708 56.602764129639 56.787769317627 56.993152618408 57.22082901001 57.472972869873 57.751270294189 58.056285858154 58.386974334717 58.740612030029 59.112995147705
66.838356018066 66.368705749512 65.889038085938 65.399360656738 64.899787902832 64.390846252441 63.873737335205 63.350646972656 62.824710845947 62.299777984619 61.780010223389 61.269550323486 60.772262573242 60.291698455811 59.830944061279 59.392642974854 58.978900909424 58.591312408447 58.231021881104 57.898773193359 57.595081329346 57.320453643799 57.075481414795 56.860973358154 56.677936553955 56.527355194092 56.41003036499 56.326343536377 56.276073455811 56.258274078369 56.271209716797 56.312561035156 56.379577636719 56.469570159912 56.580139160156 56.70943069458 56.856327056885 57.020580291748 57.202899932861 57.405010223389 57.629405975342 57.878753662109 58.155078887939 58.459075927734 58.789661407471 59.143962860107 59.517593383789
67.085823059082 66.604652404785 66.115844726562 65.618606567383 65.112236022949 64.596549987793 64.072425842285 63.542037963867 63.008838653564 62.477142333984 61.951614379883 61.436779022217 60.936832427979 60.455547332764 59.996185302734 59.561489105225 59.153568267822 58.773998260498 58.423877716064 58.103923797607 57.814636230469 57.556407928467 57.329696655273 57.135036468506 56.972972869873 56.843933105469 56.748111724854 56.685241699219 56.654434204102 56.654125213623 56.682022094727 56.735382080078 56.811309814453 56.907123565674 57.020732879639 57.150737762451 57.296550750732 57.458499908447 57.637908935547 57.837158203125 58.059341430664 58.30765914917 58.584457397461 58.890522003174 59.224689483643 59.583877563477 59.963390350342
67.245765686035 66.761985778809 66.272430419922 65.775550842285 65.269798278809 64.754280090332 64.229515075684 63.697666168213 63.162517547607 62.628902435303 62.101974487305 61.586700439453 61.087585449219 60.608654022217 60.153331756592 59.724529266357 59.324478149414 58.954845428467 58.616802215576 58.31116104126 58.038440704346 57.799030303955 57.593196868896 57.421123504639 57.282817840576 57.1780128479 57.106140136719 57.066112518311 57.056232452393 57.074188232422 57.117065429688 57.181743621826 57.265254974365 57.365215301514 57.480083465576 57.609180450439 57.752704620361 57.911727905273 58.088298797607 58.285461425781 58.506916046143 58.75630569458 59.036254882812 59.347606658936 59.689067840576 60.057342529297 60.447429656982
67.316917419434 66.839820861816 66.357940673828 65.869102478027 65.371017456055 64.862251281738 64.342987060547 63.8154296875 63.283737182617 62.753215789795 62.229526519775 61.718029022217 61.223526000977 60.750240325928 60.30179977417 59.881317138672 59.491230010986 59.133453369141 58.809371948242 58.519958496094 58.265857696533 58.047454833984 57.864795684814 57.717678070068 57.60546875 57.527099609375 57.481098175049 57.465393066406 57.477359771729 57.513828277588 57.57124710083 57.64616394043 57.73567199707 57.837924957275 57.952209472656 58.078857421875 58.219085693359 58.374881744385 58.549102783203 58.74543762207 58.968078613281 59.220989227295 59.506931304932 59.826763153076 60.179138183594 60.560577392578 60.965839385986
67.301193237305 66.839691162109 66.373306274414 65.899467468262 65.415435791016 64.919364929199 64.411293029785 63.893585205078 63.370697021484 62.848400115967 62.332782745361 61.829540252686 61.343688964844 60.879619598389 60.441150665283 60.031627655029 59.65380859375 59.309955596924 59.001781463623 58.730518341064 58.496967315674 58.301483154297 58.143901824951 58.023548126221 57.939105987549 57.888637542725 57.869625091553 57.878936767578 57.912914276123 57.967483520508 58.038497924805 58.122241973877 58.216094970703 58.318866729736 58.430969238281 58.553966522217 58.690307617188 58.843063354492 59.0159034729 59.213092803955 59.439144134521 59.698150634766 59.992900848389 60.324234008789 60.690830230713 61.089221954346 61.514068603516
67.204696655273 66.76634979248 66.321998596191 65.868934631348 65.404235839844 64.925956726074 64.434173583984 63.931427001953 63.422500610352 62.913494110107 62.410816192627 61.920379638672 61.447376251221 60.996307373047 60.571166992188 60.175556182861 59.812633514404 59.485042572021 59.194915771484 58.943798065186 58.732624053955 58.561717987061 58.4306640625 58.338287353516 58.282543182373 58.260559082031 58.268737792969 58.302825927734 58.358112335205 58.429691314697 58.512874603271 58.603870391846 58.700439453125 58.802307128906 58.911121368408 59.029865264893 59.162338256836 59.312744140625 59.485565185547 59.685497283936 59.917205810547 60.184722900391 60.49076461792 60.836223602295 61.219890594482 61.638538360596 62.0869140625
67.038078308105 66.628204345703 66.210525512695 65.782402038574 65.340980529785 64.884490966797 64.413223266602 63.929973602295 63.439727783203 62.948802947998 62.463729858398 61.990558624268 61.534561157227 61.100353240967 60.692089080811 60.313671112061 59.968608856201 59.660015106201 59.390399932861 59.161590576172 58.974643707275 58.829772949219 58.726299285889 58.662521362305 58.635669708252 58.641906738281 58.676555633545 58.734256744385 58.809326171875 58.896148681641 58.989673614502 59.086242675781 59.184162139893 59.284191131592 59.389278411865 59.503856658936 59.633083343506 59.782257080078 59.956569671631 60.161029815674 60.400287628174 60.678207397461 60.997417449951 61.358917236328 61.761840820312 62.203357696533 62.678569793701
66.816291809082 66.437400817871 66.048698425293 65.647750854492 65.232025146484 64.800086975098 64.352584838867 63.89253616333 63.425048828125 62.956420898438 62.493194580078 62.041400909424 61.606349945068 61.192779541016 60.805053710938 60.447326660156 60.123474121094 59.837005615234 59.590747833252 59.386692047119 59.225933074951 59.108501434326 59.033374786377 58.998348236084 58.999908447266 59.033325195312 59.092876434326 59.172199249268 59.264820098877 59.364612579346 59.466442108154 59.566944122314 59.665180206299 59.762958526611 59.864513397217 59.975605010986 60.102626800537 60.251819610596 60.428966522217 60.639251708984 60.887218475342 61.176578521729 61.509937286377 61.888519287109 62.31196975708 62.778106689453 63.282520294189
66.557723999023 66.209297180176 65.849418640137 65.475929260254 65.086700439453 64.680778503418 64.259147644043 63.825016021729 63.383464813232 62.940593719482 62.502765655518 62.075916290283 61.665386199951 61.276020050049 60.912425994873 60.579040527344 60.280055999756 60.019214630127 59.799530029297 59.623012542725 59.490600585938 59.402057647705 59.355922698975 59.349426269531 59.378387451172 59.437255859375 59.519443511963 59.617797851562 59.725254058838 59.835464477539 59.943454742432 60.04642868042 60.144268035889 60.239826202393 60.338459014893 60.447052001953 60.572982788086 60.723217010498 60.903949737549 61.120471954346 61.377288818359 61.678009033203 62.025386810303 62.421031951904 62.865253448486 63.356616973877 63.8913230896
