test/cut.grd
DSAA
151 101
300029.32484441 600058.64968883
199920.616952 399841.233904
51.321437835693 97.665550231934
[rows 42 to 62 of 101, columns 0 to 46 of 151]
67.495140075684 67.192100524902 66.924438476562 66.702903747559 66.530326843262 66.404121398926 66.319091796875 66.269401550293 66.249641418457 66.255058288574 66.281379699707 66.324714660645 66.381683349609 66.449745178223 66.52758026123 66.614868164062 66.711784362793 66.81787109375 66.931022644043 67.046676635742 67.157737731934 67.255187988281 67.329399108887 67.371635437012 67.375465393066 67.337677001953 67.258972167969 67.143455505371 66.998504638672 66.834007263184 66.661628723145 66.494079589844 66.344047546387 66.222541809082 66.136680603027 66.087501525879 66.069160461426 66.070259094238 66.077003479004 66.076972961426 66.061950683594 66.028778076172 65.978446960449 65.913970947266 65.838417053223 65.753753662109 65.660675048828
67.576286315918 67.211875915527 66.888206481934 66.618843078613 66.408493041992 66.25537109375 66.154136657715 66.098167419434 66.080955505371 66.096580505371 66.139709472656 66.205513000488 66.289840698242 66.389518737793 66.502578735352 66.628074645996 66.765411376953 66.913284301758 67.068618774414 67.225723266602 67.376258850098 67.509910583496 67.615745544434 67.68391418457 67.707221984863 67.682159423828 67.609710693359 67.49486541748 67.346366882324 67.175605773926 66.995491027832 66.819313049316 66.659599304199 66.526527404785 66.426132202148 66.358436584473 66.316902160645 66.289772033691 66.263359069824 66.226020812988 66.171226501465 66.098373413086 66.011558532715 65.916709899902 65.818817138672 65.720314025879 65.620849609375
67.617828369141 67.206672668457 66.840423583984 66.535011291504 66.296844482422 66.124992370605 66.014106750488 65.957023620605 65.946357727051 65.975158691406 66.037094116211 66.126457214355 66.238288879395 66.368743896484 66.515205383301 66.676025390625 66.849838256836 67.034461975098 67.225883483887 67.417488098145 67.600059509277 67.762512207031 67.893287658691 67.982032775879 68.02124786377 68.007392883301 67.941818237305 67.830299377441 67.682716369629 67.511611938477 67.330688476562 67.153327941895 66.991371154785 66.853813171387 66.745277404785 66.664703369141 66.604866027832 66.553764343262 66.497955322266 66.426597595215 66.33479309082 66.224426269531 66.102554321289 65.977951049805 65.857551574707 65.744270324707 65.636833190918
67.606117248535 67.166450500488 66.774436950684 66.447723388672 66.194091796875 66.013450622559 65.900680541992 65.84839630127 65.848655700684 65.893768310547 65.976593017578 66.090614318848 66.230140686035 66.390586853027 66.568603515625 66.761741638184 66.967720031738 67.183433532715 67.403968811035 67.622032165527 67.828010559082 68.010719299316 68.158706665039 68.261779785156 68.312629699707 68.307929992676 68.249389648438 68.143432617188 68.000648498535 67.834259033203 67.658195495605 67.485450744629 67.326850891113 67.190002441406 67.078186035156 66.98934173584 66.915718078613 66.845291137695 66.764961242676 66.664756774902 66.541259765625 66.398498535156 66.246124267578 66.095336914062 65.954795837402 65.827911376953 65.712547302246
67.536933898926 67.088371276855 66.688827514648 66.356842041016 66.101142883301 65.922386169434 65.81591796875 65.774482727051 65.789970397949 65.854286193848 65.959754943848 66.099243164062 66.26636505127 66.455833435059 66.663414001465 66.885688781738 67.119323730469 67.360130310059 67.602424621582 67.838531494141 68.05899810791 68.253227233887 68.410530090332 68.521545410156 68.579551696777 68.581634521484 68.52986907959 68.430992126465 68.295906066895 68.137924194336 67.970695495605 67.80640411377 67.654693603516 67.521827697754 67.409957885742 67.316276550293 67.232795715332 67.14771270752 67.048500061035 66.926078796387 66.778327941895 66.610954284668 66.435478210449 66.264945983887 66.109275817871 65.97225189209 65.85099029541
67.416725158691 66.977958679199 66.588348388672 66.266510009766 66.021606445312 65.854942321777 65.76245880127 65.737327575684 65.771629333496 65.857238769531 65.986267089844 66.151191711426 66.345123291016 66.562034606934 66.796775817871 67.044746398926 67.30135345459 67.561256408691 67.81810760498 68.064178466797 68.290710449219 68.488288879395 68.647651672363 68.760650634766 68.821495056152 68.827827453613 68.782005310059 68.690864562988 68.565155029297 68.417778015137 68.261611938477 68.107795715332 67.96475982666 67.837593078613 67.727561950684 67.631439208984 67.541358947754 67.44603729248 67.333778381348 67.196563720703 67.033325195312 66.850891113281 66.661903381348 66.480407714844 66.317039489746 66.175689697266 66.05281829834
67.261222839355 66.84806060791 66.483222961426 66.184684753418 65.961578369141 65.815605163574 65.743385314941 65.738670349121 65.794036865234 65.901649475098 66.053741455078 66.242721557617 66.461402893066 66.703147888184 66.961814880371 67.231498718262 67.506187438965 67.779373168945 68.04411315918 68.292991638184 68.518371582031 68.71248626709 68.867813110352 68.977722167969 69.037498474121 69.045448303223 69.004180908203 68.920433044434 68.804512023926 68.668510437012 68.524223327637 68.381568908691 68.247764587402 68.126945495605 68.019744873047 67.922813415527 67.828681945801 67.726974487305 67.607238769531 67.462623596191 67.29305267334 67.105911254883 66.914176940918 66.732093811035 66.570365905762 66.432708740234 66.314918518066
67.092109680176 66.716285705566 66.38729095459 66.121864318848 65.9287109375 65.809692382812 65.76195526123 65.779914855957 65.856788635254 65.985313415527 66.158164978027 66.368034362793 66.607719421387 66.870140075684 67.148231506348 67.434761047363 67.72225189209 68.003082275391 68.269844055176 68.515693664551 68.734352111816 68.919929504395 69.066764831543 69.169746398926 69.225242614746 69.232246398926 69.193672180176 69.116119384766 69.009315490723 68.884338378906 68.75170135498 68.620010375977 68.495330810547 68.380897521973 68.276924133301 68.180107116699 68.083709716797 67.978675842285 67.85620880127 67.710929870605 67.543655395508 67.361961364746 67.178466796875 67.006858825684 66.857322692871 66.733047485352 66.629119873047
66.932746887207 66.601600646973 66.315422058105 66.089332580566 65.931182861328 65.84268951416 65.821350097656 65.862159729004 65.959045410156 66.105476379395 66.294876098633 66.520553588867 66.775611877441 67.052764892578 67.344200134277 67.641502380371 67.935852050781 68.21866607666 68.482322692871 68.72061920166 68.928764343262 69.102645874023 69.238319396973 69.331977844238 69.38094329834 69.38484954834 69.347007751465 69.273979187012 69.174926757812 69.059883117676 68.938041687012 68.816627502441 68.700553894043 68.592193603516 68.491340637207 68.394927978516 68.297233581543 68.190925598145 68.069274902344 67.928764343262 67.771141052246 67.603942871094 67.438896179199 67.28849029541 67.161842346191 67.061309814453 66.98119354248
66.804466247559 66.521476745605 66.281440734863 66.097595214844 65.976615905762 65.919761657715 65.92456817627 65.98649597168 66.100128173828 66.259819030762 66.4599609375 66.69474029541 66.957847595215 67.242073059082 67.539131164551 67.839729309082 68.134101867676 68.412994384766 68.668792724609 68.896049499512 69.091285705566 69.251930236816 69.375343322754 69.458702087402 69.499992370605 69.499435424805 69.460754394531 69.390632629395 69.297813415527 69.191345214844 69.079139709473 68.967094421387 68.85888671875 68.756019592285 68.657859802246 68.561645507812 68.462867736816 68.356300354004 68.237701416016 68.105674743652 67.963134765625 67.81746673584 67.679168701172 67.559074401855 67.464729309082 67.397346496582 67.350486755371
66.724082946777 66.489875793457 66.296600341797 66.155380249023 66.071464538574 66.045341491699 66.074348449707 66.154197692871 66.280097961426 66.447357177734 66.651412963867 66.887519836426 67.150161743164 67.432495117188 67.726135253906 68.021362304688 68.307991027832 68.576591491699 68.81982421875 69.032989501953 69.213676452637 69.360389709473 69.471412658691 69.544471740723 69.577980041504 69.572547912598 69.532295227051 69.464057922363 69.376274108887 69.277183532715 69.173515319824 69.069892883301 68.968803405762 68.870780944824 68.774749755859 68.678291320801 68.578269958496 68.471748352051 68.357208251953 68.235626220703 68.11124420166 67.991325378418 67.885047912598 67.801231384277 67.74552154541 67.717819213867 67.711006164551
66.702735900879 66.516387939453 66.368804931641 66.268951416016 66.22045135498 66.222808837891 66.272964477539 66.366737365723 66.499900817871 66.668632507324 66.869483947754 67.098808288574 67.351982116699 67.622825622559 67.903282165527 68.183784484863 68.45433807373 68.705871582031 68.931594848633 69.127532958984 69.2919921875 69.424186706543 69.522819519043 69.5859375 69.612121582031 69.602203369141 69.560523986816 69.493995666504 69.410758972168 69.318336486816 69.222434997559 69.126525878906 69.031951904297 68.938316345215 68.844047546387 68.747100830078 68.645721435547 68.539268493652 68.428977966309 68.318252563477 68.212730407715 68.11962890625 68.04679107666 68.000961303711 67.985679626465 67.999458312988 68.034774780273
66.745727539062 66.60578918457 66.50218963623 66.441627502441 66.426048278809 66.453910827637 66.521644592285 66.625122070312 66.760597229004 66.92504119873 67.115936279297 67.330657958984 67.565589904785 67.815460205078 68.073028564453 68.32950592041 68.575698852539 68.803352355957 69.006477355957 69.18172454834 69.327850341797 69.444358825684 69.530158996582 69.583404541016 69.60279083252 69.589172363281 69.546875 69.482627868652 69.404151916504 69.31827545166 69.229850769043 69.141319274902 69.053001403809 68.96363067627 68.871215820312 68.77400970459 68.671546936035 68.565361022949 68.459167480469 68.35863494873 68.270668029785 68.202507019043 68.16072845459 68.150001525879 68.171836853027 68.223449707031 68.297210693359
66.853157043457 66.758369445801 66.696922302246 66.673286437988 66.687797546387 66.737861633301 66.819526672363 66.928718566895 67.062072753906 67.217155456543 67.392181396484 67.58536529541 67.794128417969 68.014381408691 68.240226745605 68.464233398438 68.678535461426 68.876075744629 69.051750183105 69.202751159668 69.328033447266 69.427146911621 69.499046325684 69.5419921875 69.554763793945 69.53816986084 69.496223449707 69.435173034668 69.362083435059 69.283096313477 69.20223236084 69.121086120605 69.039115905762 68.954292297363 68.864273071289 68.767601013184 68.664924621582 68.5595703125 68.457359313965 68.365760803223 68.292747497559 68.245460510254 68.229301452637 68.247062683105 68.298408508301 68.37947845459 68.482810974121
67.020988464355 66.970321655273 66.949195861816 66.959983825684 67.001525878906 67.070411682129 67.162445068359 67.273712158203 67.401176452637 67.542747497559 67.697082519531 67.863037109375 68.039031982422 68.222511291504 68.409355163574 68.594047546387 68.77042388916 68.932838439941 69.07706451416 69.200721740723 69.302795410156 69.382690429688 69.439384460449 69.471290588379 69.47730255127 69.458099365234 69.417213439941 69.360130310059 69.29305267334 69.221313476562 69.14818572998 69.074546813965 68.999137878418 68.919342041016 68.832550048828 68.737617492676 68.636039733887 68.532516479492 68.434379577637 68.350379943848 68.289100646973 68.257453918457 68.259765625 68.297233581543 68.367958068848 68.467323303223 68.588264465332
67.241996765137 67.234199523926 67.251274108887 67.293647766113 67.358879089355 67.443046569824 67.541923522949 67.651885986328 67.770195007324 67.894950866699 68.024932861328 68.159423828125 68.297912597656 68.439521789551 68.582328796387 68.723091125488 68.857643127441 68.981742858887 69.092018127441 69.186340332031 69.263603210449 69.323051452637 69.363616943359 69.383880615234 69.382873535156 69.361106872559 69.321510314941 69.268653869629 69.20777130127 69.14330291748 69.077796936035 69.011497497559 68.942604064941 68.868125915527 68.785346984863 68.693397521973 68.594444274902 68.493995666504 68.400276184082 68.322662353516 68.269882202148 68.248443603516 68.261680603027 68.309562683105 68.389122009277 68.495277404785 68.621513366699
67.506340026855 67.539283752441 67.591636657715 67.662071228027 67.747169494629 67.842712402344 67.94474029541 68.050048828125 68.156234741211 68.26146697998 68.364555358887 68.465087890625 68.563529968262 68.660827636719 68.757423400879 68.852493286133 68.943908691406 69.02880859375 69.104537963867 69.169128417969 69.221321105957 69.26016998291 69.284538269043 69.293113708496 69.285018920898 69.260543823242 69.222007751465 69.173027038574 69.117835998535 69.059989929199 69.001335144043 68.941566467285 68.878540039062 68.809104919434 68.730628967285 68.642570495605 68.54744720459 68.451194763184 68.362236022949 68.289939880371 68.242713928223 68.22647857666 68.243743896484 68.293670654297 68.372749328613 68.475868225098 68.597114562988
67.80167388916 67.871849060059 67.955337524414 68.049369812012 68.149795532227 68.25235748291 68.353523254395 68.45068359375 68.541862487793 68.625419616699 68.7001953125 68.766098022461 68.824546813965 68.878173828125 68.929679870605 68.980522155762 69.030426025391 69.077781677246 69.12052154541 69.156806945801 69.185218811035 69.20458984375 69.213684082031 69.211219787598 69.196266174316 69.168884277344 69.130790710449 69.08472442627 69.034004211426 68.981323242188 68.927894592285 68.873008728027 68.814338684082 68.748817443848 68.674102783203 68.589942932129 68.49910736084 68.40747833252 68.323173522949 68.254997253418 68.21068572998 68.195373535156 68.210998535156 68.256340026855 68.32788848877 68.420944213867 68.530311584473
68.113288879395 68.215545654297 68.324737548828 68.436912536621 68.547431945801 68.652214050293 68.74829864502 68.833824157715 68.907409667969 68.967826843262 69.014167785645 69.046775817871 69.067932128906 69.081718444824 69.092613220215 69.103904724121 69.116844177246 69.130813598633 69.144248962402 69.155387878418 69.162712097168 69.164848327637 69.160430908203 69.148071289062 69.126731872559 69.096183776855 69.057586669922 69.012954711914 68.96475982666 68.914993286133 68.864318847656 68.811767578125 68.755035400391 68.691337585449 68.618743896484 68.537330627441 68.449951171875 68.362174987793 68.281433105469 68.215637207031 68.171569824219 68.153648376465 68.163352966309 68.199523925781 68.259117126465 68.338157653809 68.432281494141
68.42456817627 68.552383422852 68.680778503418 68.804908752441 68.919929504395 69.022087097168 69.10913848877 69.180068969727 69.234321594238 69.271293640137 69.290657043457 69.293327331543 69.282356262207 69.262832641602 69.240409851074 69.219551086426 69.202507019043 69.189361572266 69.178916931152 69.169502258301 69.159538269043 69.1474609375 69.13175201416 69.110862731934 69.083602905273 69.049430847168 69.00904083252 68.963844299316 68.915641784668 68.865821838379 68.81468963623 68.761169433594 68.703155517578 68.638275146484 68.565086364746 68.483955383301 68.39771270752 68.311462402344 68.23184967041 68.16576385498 68.11905670166 68.09546661377 68.096290588379 68.120643615723 68.166213989258 68.229927062988 68.308219909668
68.718017578125 68.86402130127 69.004600524902 69.134391784668 69.248565673828 69.343879699707 69.418937683105 69.473640441895 69.508361816406 69.523330688477 69.518997192383 69.496978759766 69.460945129395 69.416534423828 69.36988067627 69.325958251953 69.287452697754 69.254829406738 69.227104187012 69.202667236328 69.179840087891 69.156944274902 69.132270812988 69.104141235352 69.071174621582 69.032577514648 68.988700866699 68.940460205078 68.889167785645 68.835800170898 68.780456542969 68.722129821777 68.659034729004 68.589286804199 68.511848449707 68.427375793457 68.338577270508 68.250129699707 68.167907714844 68.097953796387 68.045349121094 68.013397216797 68.003372192383 68.014801025391 68.046058654785 68.094909667969 68.158409118652
