test/RTP15km_surf6.grd
DSAA
350 276
0 698068.229138
-1.9440449250396E-11 549781.696618
-15.475642204285 222.69007873535
[rows 52 to 77 of 276, columns 174 to 231 of 350]
83.4210968018 84.5567703247 85.4988632202 86.3434906006 87.1967010498 88.1629333496 89.3366851807 90.7968978882 92.6025009155 94.7865829468 97.3502502441 100.258102417 103.439437866 106.794593811 110.203765869 113.53351593 116.64214325 119.388587952 121.651786804 123.358032227 124.506134033 125.174819946 125.504043579 125.655479431 125.76763916 125.921058655 126.123245239 126.311050415 126.364677429 126.126914978 125.427391052 124.11492157 122.097549438 119.378166199 116.068572998 112.370758057 108.532897949 104.797912598 101.36164093 98.3498077393 95.8156890869 93.7537307739 92.1208343506 90.8559799194 89.8933868408 89.1677703857 88.6154403687 88.1756668091 87.7955703735 87.4383544922 87.0921936035 86.7747421265 86.5303421021 86.4182739258 86.4960479736 86.8050384521 87.3644332886 88.1748275757
86.8711166382 87.8193283081 88.5470657349 89.1746902466 89.8305282593 90.6352310181 91.691368103 93.077835083 94.8470687866 97.0215911865 99.5906448364 102.50869751 105.699134827 109.062538147 112.485359192 115.844017029 119.005958557 121.833381653 124.198898315 126.013397217 127.257209778 127.996704102 128.37298584 128.563949585 128.735443115 128.999450684 129.391555786 129.866928101 130.309127808 130.546325684 130.374404907 129.591094971 128.042449951 125.670211792 122.539283752 118.828475952 114.788917542 110.687782288 106.758079529 103.166007996 100.001373291 97.287147522 95.0005569458 93.0950317383 91.5157546997 90.2069320679 89.1130065918 88.1794509888 87.3570098877 86.6100616455 85.9267425537 85.3251342773 84.8513183594 84.5674743652 84.5339050293 84.7927246094 85.3600845337 86.2286682129
90.2479934692 91.054725647 91.5974121094 92.021736145 92.4805908203 93.1135787964 94.033782959 95.3221359253 97.0261077881 99.159072876 101.699645996 104.592895508 107.756530762 111.090751648 114.487197876 117.83164978 121.001647949 123.86554718 126.293792725 128.18536377 129.503005981 130.298019409 130.707565308 130.920227051 131.124740601 131.461959839 131.995178223 132.700439453 133.471466064 134.132614136 134.458908081 134.2084198 133.171310425 131.226379395 128.382324219 124.781288147 120.663703918 116.310539246 111.985939026 107.895042419 104.165679932 100.852622986 97.9571228027 95.4501037598 93.2899017334 91.4312896729 89.8273086548 88.4298400879 87.1933746338 86.0837097168 85.0890960693 84.2279891968 83.5478363037 83.1129150391 82.9854507446 83.2079849243 83.7943191528 84.7308502197
93.4184570313 94.1340789795 94.5264282227 94.7670898438 95.0354614258 95.4923782349 96.2635040283 97.433380127 99.0462112427 101.10799408 103.588752747 106.426010132 109.532608032 112.807685852 116.146224976 119.441360474 122.58001709 125.438217163 127.888114929 129.821807861 131.18812561 132.023651123 132.457870483 132.683776855 132.906112671 133.288452148 133.918014526 134.791824341 135.819091797 136.830963135 137.595748901 137.846176147 137.327331543 135.858856201 133.388931274 130.012252808 125.944641113 121.467948914 116.867897034 112.383514404 108.179756165 104.345046997 100.907669067 97.8587265015 95.1717224121 92.8129882813 90.7447357178 88.9256439209 87.314414978 85.87865448 84.6070480347 83.5182800293 82.6606216431 82.0994796753 81.8978347778 82.0980606079 82.7119979858 83.7214584351
96.2327575684 96.9072952271 97.1875686646 97.270690918 97.3634796143 97.6490859985 98.2666473389 99.3050537109 100.806137085 102.770217896 105.161140442 107.911376953 110.930503845 114.116424561 117.365615845 120.576080322 123.642471313 126.449317932 128.874313354 130.808898926 132.194076538 133.054733276 133.510543823 133.752059937 133.990570068 134.403091431 135.093963623 136.07913208 137.287078857 138.565109253 139.688232422 140.379089355 140.351516724 139.375366211 137.340194702 134.287216187 130.395629883 125.93372345 121.195663452 116.445411682 111.881065369 107.624801636 103.734100342 100.222717285 97.0808258057 94.2871780396 91.8135147095 89.6259384155 87.6884460449 85.9718093872 84.4661865234 83.1908340454 82.1939315796 81.5402603149 81.2915039063 81.4882583618 82.1401901245 83.2259597778
98.53465271 99.2150268555 99.425201416 99.3857421875 99.3298568726 99.462348938 99.9350204468 100.840530396 102.218414307 104.064399719 106.338279724 108.970199585 111.868553162 114.930725098 118.053642273 121.138114929 124.08505249 126.788162231 129.134597778 131.021835327 132.390487671 133.25831604 133.734512329 134.00062561 134.263885498 134.703323364 135.431549072 136.479446411 137.796432495 139.252944946 140.64213562 141.691223145 142.098602295 141.597991943 140.028335571 137.376754761 133.777236938 129.470123291 124.742805481 119.871604919 115.080474854 110.523147583 106.287139893 102.410705566 98.9019393921 95.7523956299 92.9436340332 90.450012207 88.2426300049 86.2979736328 84.6100387573 83.1995162964 82.1134414673 81.4131546021 81.1556243896 81.3769378662 82.0834274292 83.2515106201
100.176338196 100.905761719 101.093048096 100.977775574 100.815940857 100.830886841 101.184562683 101.971588135 103.228500366 104.946899414 107.084182739 109.570327759 112.31476593 115.215629578 118.17035675 121.08164978 123.856033325 126.397438049 128.606307983 130.39251709 131.703338623 132.554595947 133.045394897 133.342941284 133.640594482 134.108154297 134.856994629 135.927383423 137.288650513 138.838195801 140.395767212 141.706375122 142.469589233 142.399597168 141.296798706 139.098251343 135.887664795 131.865509033 127.297088623 122.457000732 117.585166931 112.861854553 108.403533936 104.273551941 100.498588562 97.0833282471 94.0194396973 91.2906494141 88.8775939941 86.7658081055 84.9561004639 83.4718856812 82.3577194214 81.6681213379 81.4512863159 81.7353591919 82.5215377808 83.7839202881
101.039360046 101.857841492 102.076202393 101.945724487 101.738426208 101.690589905 101.970146179 102.671173096 103.826225281 105.423065186 107.417732239 109.741600037 112.30670929 115.013366699 117.760215759 120.452056885 123.001281738 125.323516846 127.335922241 128.965988159 130.173599243 130.97706604 131.466491699 131.791320801 132.123809814 132.615646362 133.368789673 134.426620483 135.774978638 137.33807373 138.967376709 140.436431885 141.461807251 141.755554199 141.093521118 139.369781494 136.616287231 132.985336304 128.707778931 124.043395996 119.236999512 114.488037109 109.938186646 105.674438477 101.741920471 98.1586532593 94.9272155762 92.0422668457 89.4964523315 87.2872695923 85.4247589111 83.9356842041 82.8607406616 82.2447128296 82.1236877441 82.5150527954 83.4128952026 84.7881393433
101.057632446 102.002288818 102.312026978 102.2397995 102.063781738 102.025184631 102.292633057 102.95703125 104.046318054 105.544998169 107.408721924 109.571235657 111.9480896 114.442565918 116.955238342 119.393508911 121.676315308 123.732246399 125.497825623 126.921981812 127.981468201 128.700531006 129.161575317 129.494812012 129.847610474 130.348373413 131.084259033 132.096252441 133.381469727 134.887908936 136.499633789 138.025848389 139.212921143 139.786575317 139.512634277 138.251312256 135.985275269 132.814926147 128.928787231 124.561775208 119.953285217 115.313072205 110.801513672 106.525382996 102.546638489 98.8967895508 95.5904769897 92.6352539063 90.0376968384 87.8086547852 85.9677276611 84.5444564819 83.5743713379 83.0911331177 83.1174850464 83.6590042114 84.7015228271 86.2114944458
100.239089966 101.342483521 101.806365967 101.873336792 101.815475464 101.86920166 102.1979599 102.887161255 103.96030426 105.399856567 107.16242218 109.184906006 111.386795044 113.674369812 115.950126648 118.124092102 120.121810913 121.8854599 123.372192383 124.554542542 125.428833008 126.027648926 126.427154541 126.738433838 127.08316803 127.56526947 128.254806519 129.186676025 130.364196777 131.753921509 133.269897461 134.759277344 136.006103516 136.762237549 136.797134399 135.948745728 134.157165527 131.47227478 128.037139893 124.055557251 119.752960205 115.34009552 110.98752594 106.815658569 102.89995575 99.28490448 95.9985198975 93.0627212524 90.4987487793 88.3301086426 86.5841522217 85.291229248 84.48097229 84.1764526367 84.3885192871 85.112197876 86.3254547119 87.9893035889
98.6790390015 99.9651412964 100.640602112 100.925376892 101.072219849 101.302467346 101.768501282 102.548469543 103.662315369 105.092430115 106.79813385 108.720596313 110.783363342 112.895210266 114.959602356 116.888137817 118.611968994 120.086242676 121.288452148 122.215156555 122.883232117 123.33505249 123.641868591 123.897010803 124.197906494 124.625396729 125.233039856 126.048179626 127.076332092 128.297119141 129.649658203 131.016799927 132.222915649 133.053710938 133.294418335 132.774032593 131.401321411 129.1822052 126.215827942 122.67149353 118.754020691 114.665962219 110.578552246 106.618034363 102.86882019 99.3868026733 96.2137145996 93.386138916 90.9389801025 88.905708313 87.3182296753 86.2056503296 85.591796875 85.4916000366 85.9076080322 86.8276367188 88.2237548828 90.051864624
96.560005188 98.0391464233 98.9682846069 99.5344314575 99.9590911865 100.438941956 101.110092163 102.042137146 103.252700806 104.726333618 106.427185059 108.301979065 110.278587341 112.267471313 114.171424866 115.901519775 117.392532349 118.610572815 119.551704407 120.235183716 120.697731018 120.991760254 121.184814453 121.354423523 121.576461792 121.911705017 122.399345398 123.059417725 123.89743042 124.901679993 126.030769348 127.198410034 128.26739502 129.060424805 129.387832642 129.083465576 128.039459229 126.2292099 123.713378906 120.626220703 117.14604187 113.458404541 109.725471497 106.071014404 102.582931519 99.3260650635 96.3545532227 93.7180938721 91.4621353149 89.6261978149 88.2433776855 87.3403167725 86.9366836548 87.0431518555 87.6588516235 88.7689437866 90.3428955078 92.3329772949
94.1322860718 95.7979431152 96.998878479 97.8830413818 98.6324005127 99.4118270874 100.337097168 101.468360901 102.822006226 104.386703491 106.133338928 108.015571594 109.965965271 111.895881653 113.7056427 115.303359985 116.624649048 117.643661499 118.372123718 118.849029541 119.128814697 119.273002625 119.346191406 119.412475586 119.529403687 119.740821838 120.074211121 120.543502808 121.153549194 121.898506165 122.751869202 123.652572632 124.497291565 125.145210266 125.437355042 125.224807739 124.398918152 122.915206909 120.804924011 118.168952942 115.154518127 111.921783447 108.614524841 105.346046448 102.202156067 99.2530670166 96.5624771118 94.1895599365 92.1856689453 90.5917358398 89.4392852783 88.7527542114 88.5507736206 88.8447494507 89.6357574463 90.911277771 92.6419372559 94.7784576416
91.6753158569 93.5048675537 94.968208313 96.173500061 97.2599105835 98.357131958 99.5584182739 100.913833618 102.439163208 104.12827301 105.960121155 107.896308899 109.874542236 111.806716919 113.589393616 115.125595093 116.348991394 117.238525391 117.8177948 118.141609192 118.278671265 118.297927856 118.261566162 118.222518921 118.223045349 118.292953491 118.450050354 118.703529358 119.057899475 119.511924744 120.050559998 120.632926941 121.184272766 121.597381592 121.746299744 121.508079529 120.78729248 119.536598206 117.769081116 115.556663513 113.013244629 110.267066956 107.43561554 104.614547729 101.882095337 99.309425354 96.9655990601 94.9142608643 93.2072372437 91.8823471069 90.9675064087 90.4862823486 90.460395813 90.9074325562 91.8358688354 93.2399902344 95.0948410034 97.3513641357
89.4476547241 91.4075393677 93.0999755859 94.5972900391 95.9980773926 97.3974609375 98.8661499023 100.444061279 102.146339417 103.972236633 105.908966064 107.926467896 109.967964172 111.946243286 113.754081726 115.288673401 116.479942322 117.308456421 117.805404663 118.036643982 118.08102417 118.012763977 117.891899109 117.762367249 117.653945923 117.584510803 117.563621521 117.596580505 117.687942505 117.840454102 118.048156738 118.286231995 118.503395081 118.622169495 118.549201965 118.192169189 117.478393555 116.369979858 114.873100281 113.037719727 110.945899963 108.691009521 106.359169006 104.022857666 101.7473526 99.5997238159 97.6492996216 95.9589767456 94.5759963989 93.5313110352 92.8479385376 92.5503158569 92.6672592163 93.2275619507 94.2518234253 95.7444839478 97.6866149902 100.029800415
87.6428756714 89.6959609985 91.569480896 93.3068008423 94.9718399048 96.6293258667 98.3293991089 100.10244751 101.962631226 103.91381073 105.9506073 108.050674438 110.163024902 112.202651978 114.060455322 115.629341125 116.835464478 117.658615112 118.133087158 118.330307007 118.334693909 118.223182678 118.053878784 117.863883972 117.672920227 117.488822937 117.313659668 117.148986816 116.999107361 116.869773865 116.762069702 116.663543701 116.541915894 116.34513855 116.01007843 115.475791931 114.697044373 113.653282166 112.353248596 110.8332901 109.148864746 107.360137939 105.520629883 103.676345825 101.875038147 100.174377441 98.6387405396 97.3256607056 96.2744140625 95.5069580078 95.0410766602 94.9033584595 95.1326751709 95.7725982666 96.8587417603 98.4066925049 100.40272522 102.797180176
86.3666534424 88.4792175293 90.4822998047 92.3977432251 94.2625732422 96.1169204712 97.9939422607 99.9155960083 101.894775391 103.938529968 106.047042847 108.204277039 110.365142822 112.448905945 114.348579407 115.956939697 117.198455811 118.051010132 118.547767639 118.760131836 118.773071289 118.663536072 118.487731934 118.277938843 118.046455383 117.792808533 117.512123108 117.201583862 116.863937378 116.506141663 116.133674622 115.742858887 115.315887451 114.821510315 114.222877502 113.488563538 112.601455688 111.562446594 110.38961792 109.113922119 107.771705627 106.395378113 105.00843811 103.629951477 102.286972046 101.023124695 99.8932800293 98.9466934204 98.2134857178 97.7069320679 97.4403381348 97.4435272217 97.7666015625 98.4689407349 99.6008605957 101.18674469 103.213844299 105.627220154
85.6403503418 87.7867202759 89.8737411499 91.9082107544 93.9077072144 95.89402771 97.8871765137 99.9022979736 101.950675964 104.04095459 106.176589966 108.345947266 110.509628296 112.593803406 114.498725891 116.122764587 117.392654419 118.284812927 118.828193665 119.089241028 119.148857117 119.081245422 118.940467834 118.755714417 118.534408569 118.269706726 117.950233459 117.567810059 117.121574402 116.616912842 116.060401917 115.453063965 114.786529541 114.045036316 113.213241577 112.285522461 111.271484375 110.194747925 109.087219238 107.98122406 106.901985168 105.861434937 104.858146667 103.886436462 102.951690674 102.08052063 101.3152771 100.69581604 100.244537354 99.9689254761 99.8803482056 100.013023376 100.427734375 101.197273254 102.382270813 104.00944519 106.0597229 108.467178345
85.423828125 87.5884552002 89.7254180908 91.8313598633 93.9104766846 95.9716949463 98.0253753662 100.081428528 102.149223328 104.237480164 106.350700378 108.479789734 110.590766907 112.619033813 114.476730347 116.073577881 117.343147278 118.262184143 118.854347229 119.178108215 119.306907654 119.309936523 119.238525391 119.119972229 118.958877563 118.743904114 118.457710266 118.085800171 117.621498108 117.065727234 116.422386169 115.692611694 114.872200012 113.955032349 112.941711426 111.847938538 110.707344055 109.565925598 108.471763611 107.463600159 106.5623703 105.766769409 105.056732178 104.405899048 103.799385071 103.246109009 102.774810791 102.416641235 102.18976593 102.101020813 102.164527893 102.420578003 102.938621521 103.799163818 105.064712524 106.754463196 108.833885193 111.220245361
85.6452789307 87.8230285645 89.989692688 92.1351394653 94.2547073364 96.3485794067 98.4204101563 100.475982666 102.522621155 104.567863464 106.615531921 108.657661438 110.665351868 112.584625244 114.342628479 115.864402771 117.094184875 118.011634827 118.636024475 119.017326355 119.22026062 119.307624817 119.327301025 119.305084229 119.243972778 119.129455566 118.938964844 118.651237488 118.252380371 117.736358643 117.101135254 116.343658447 115.458831787 114.444503784 113.311523438 112.091903687 110.839523315 109.620903015 108.500762939 107.527229309 106.721954346 106.076667786 105.558914185 105.126724243 104.748397827 104.416618347 104.147331238 103.964950562 103.887832642 103.928665161 104.110122681 104.481040955 105.116523743 106.097045898 107.476196289 109.254898071 111.374740601 113.732055664
86.2278594971 88.4231719971 90.612663269 92.7815322876 94.9193725586 97.0206375122 99.0844039917 101.113227844 103.112197876 105.086875916 107.039466858 108.962280273 110.831214905 112.603218079 114.221412659 115.627822876 116.779586792 117.661705017 118.291282654 118.711380005 118.978614807 119.149177551 119.266952515 119.35572052 119.417121887 119.434188843 119.379936218 119.226745605 118.953163147 118.545135498 117.992637634 117.285560608 116.4140625 115.375328064 114.185165405 112.886505127 111.548538208 110.254768372 109.084846497 108.097091675 107.316955566 106.734054565 106.309211731 105.990432739 105.733688354 105.518615723 105.350509644 105.249458313 105.238227844 105.341079712 105.594726563 106.058563232 106.810417175 107.923072815 109.431739807 111.310722351 113.473114014 115.79360199
87.1083068848 89.3340301514 91.5511169434 93.7413024902 95.89037323 97.9891204834 100.033485413 102.023605347 103.962333679 105.85294342 107.695709229 109.483131409 111.195632935 112.800590515 114.25643158 115.521789551 116.567237854 117.384811401 117.991928101 118.427230835 118.740966797 118.983299255 119.19354248 119.392578125 119.580024719 119.736541748 119.831611633 119.832511902 119.711219788 119.446090698 119.018974304 118.411994934 117.608795166 116.60307312 115.411354065 114.081916809 112.693321228 111.340522766 110.114395142 109.081954956 108.273712158 107.68069458 107.261909485 106.96081543 106.726127625 106.528358459 106.364830017 106.253494263 106.224098206 106.31578064 106.582260132 107.094398499 107.930335999 109.150283813 110.766105652 112.723236084 114.907470703 117.175727844
88.2468948364 90.5230560303 92.7821655273 95.0028076172 97.1679840088 99.2660446167 101.290863037 103.240753174 105.116691589 106.919944763 108.649261475 110.297653198 111.850128174 113.283638 114.570396423 115.684089661 116.608078003 117.342208862 117.906097412 118.336265564 118.678413391 118.977310181 119.267196655 119.564697266 119.866172791 120.149787903 120.382331848 120.527709961 120.553344727 120.431900024 120.138908386 119.650009155 118.943115234 118.007644653 116.857978821 115.542663574 114.143028259 112.758628845 111.48588562 110.397285461 109.528076172 108.872817993 108.392936707 108.032371521 107.737373352 107.473266602 107.231903076 107.030319214 106.905593872 106.911880493 107.119636536 107.610481262 108.461608887 109.719863892 111.375236511 113.349006653 115.507362366 117.697319031
89.6309280396 91.9834442139 94.3065490723 96.5752944946 98.7699890137 100.87701416 102.888809204 104.802452087 106.617774963 108.334831238 109.951911926 111.463493347 112.859451294 114.125663757 115.24646759 116.208808899 117.007598877 117.650436401 118.160232544 118.572807312 118.930458069 119.272857666 119.628311157 120.007751465 120.402908325 120.788864136 121.130615234 121.390525818 121.534088135 121.531204224 121.3540802 120.974815369 120.368057251 119.519920349 118.441299438 117.176979065 115.804664612 114.421348572 113.122581482 111.981910706 111.037658691 110.289138794 109.70324707 109.228408813 108.812599182 108.419136047 108.036361694 107.680458069 107.394332886 107.244445801 107.315345764 107.697570801 108.467590332 109.662078857 111.256057739 113.157089233 115.223617554 117.302742004
91.2730102539 93.7322769165 96.1468200684 98.4871063232 100.730064392 102.859916687 104.86781311 106.750236511 108.50680542 110.137756348 111.642532349 113.018600464 114.261489868 115.365760803 116.32673645 117.142951965 117.819572449 118.37146759 118.825027466 119.215965271 119.583396912 119.961616516 120.371948242 120.818145752 121.285964966 121.74671936 122.164070129 122.500656128 122.722663879 122.800430298 122.706260681 122.41230011 121.89289856 121.132888794 120.139503479 118.951126099 117.636901855 116.28503418 114.98412323 113.804367065 112.784896851 111.929824829 111.213233948 110.590782166 110.014953613 109.449554443 108.880638123 108.323074341 107.822937012 107.455070496 107.314193726 107.497886658 108.083389282 109.103012085 110.526611328 112.260612488 114.168373108 116.106384277
93.2065887451 95.8054046631 98.3418045044 100.77999115 103.092277527 105.259849548 107.272384644 109.126197815 110.82182312 112.361579895 113.748161316 114.984031677 116.071754456 117.014945984 117.819335938 118.493965149 119.053138733 119.518226624 119.918769836 120.290145874 120.668014526 121.080406189 121.54070282 122.04410553 122.569198608 123.082748413 123.547210693 123.926643372 124.190086365 124.311088562 124.265167236 124.027542114 123.575065613 122.893165588 121.986114502 120.884735107 119.646728516 118.347328186 117.063812256 115.859321594 114.77154541 113.808517456 112.951843262 112.165466309 111.407905579 110.645042419 109.861747742 109.071090698 108.319908142 107.687423706 107.274765015 107.184936523 107.498176575 108.248847961 109.411376953 110.902252197 112.599899292 114.376663208
