test/RTP15km_surf6.grd
DSAA
350 276
0 698068.229138
-1.9440449250396E-11 549781.696618
-15.475642204285 222.69007873535
[rows 182 to 207 of 276, columns 174 to 231 of 350]
112.57170105 112.043701172 111.370597839 110.582069397 109.708969116 108.781593323 107.828895569 106.878204346 105.954978943 105.082168579 104.279304504 103.561149597 102.937133789 102.412033081 101.988311768 101.669128418 101.460700989 101.372085571 101.412605286 101.587547302 101.89540863 102.328292847 102.875465393 103.528549194 104.285842896 105.153770447 106.146125793 107.280853271 108.576019287 110.045295715 111.694145203 113.516815186 115.494987488 117.59753418 119.781608582 121.994338989 124.175354004 126.259231567 128.178482056 129.866241455 131.259185791 132.300064087 132.940841675 133.145935059 132.895889282 132.19078064 131.052062988 129.522323608 127.662353516 125.546432495 123.257278442 120.880653381 118.50075531 116.196235657 114.036628723 112.079025269 110.364875793 108.916938782
112.764312744 112.286376953 111.656936646 110.907669067 110.071922302 109.182495117 108.270347595 107.363899231 106.488800049 105.667304993 104.917854309 104.254440308 103.686584473 103.220405579 102.860542297 102.612503052 102.484115601 102.484642029 102.622344971 102.900619507 103.315971375 103.858802795 104.517250061 105.28225708 106.151649475 107.131469727 108.234893799 109.479064941 110.880851746 112.452537537 114.197814941 116.10861969 118.163887024 120.329032898 122.557296753 124.791641235 126.967575073 129.016204834 130.867645264 132.454193115 133.713516235 134.591278076 135.044143677 135.042678833 134.574523926 133.646972656 132.288146973 130.545623779 128.483184814 126.175865173 123.705551147 121.156440735 118.611450195 116.148757935 113.838279724 111.738067627 109.890853882 108.321166992
112.986747742 112.573600769 112.002464294 111.306396484 110.520698547 109.680290222 108.817962646 107.963195801 107.141815186 106.375648499 105.682472229 105.076126099 104.566963196 104.162963867 103.871330261 103.699996948 103.658126831 103.754806519 103.996620178 104.384506226 104.912437439 105.56893158 106.340904236 107.218589783 108.199264526 109.288246155 110.497673035 111.843063354 113.339370728 114.996582031 116.81603241 118.78717804 120.88621521 123.07572937 125.305923462 127.516784668 129.64112854 131.608047485 133.34677124 134.790115356 135.877990723 136.560058594 136.798583984 136.570800781 135.87171936 134.715881348 133.137634277 131.189163208 128.936660767 126.455543518 123.826271057 121.13079071 118.449661255 115.859161377 113.427940369 111.213432312 109.258460999 107.588394165
113.235565186 112.90158844 112.403572083 111.775108337 111.052574158 110.272346497 109.468643188 108.671989441 107.908622742 107.200408936 106.565208435 106.017471313 105.568992615 105.230018616 105.010398865 104.920219421 104.969657898 105.16721344 105.517471313 106.018638611 106.662010193 107.434036255 108.320289612 109.310134888 110.400085449 111.594390869 112.903579712 114.340988159 115.918823242 117.644111633 119.515228271 121.518943787 123.628990173 125.805671692 127.997261047 130.142028809 132.171600342 134.014556885 135.600631714 136.864501953 137.749252319 138.209289551 138.212844849 137.744125366 136.805480957 135.41835022 133.622970581 131.475692749 129.044845581 126.405891418 123.637794495 120.819862366 118.029586792 115.340232849 112.817764282 110.517570496 108.481300354 106.734420776
113.50151062 113.259216309 112.847770691 112.300445557 111.653747559 110.944732666 110.208427429 109.476226807 108.775138855 108.127655029 107.55254364 107.065551758 106.680465698 106.409919739 106.266136169 106.260948181 106.405059814 106.706054688 107.166397095 107.781616211 108.540397644 109.427108765 110.42590332 111.52507782 112.720115662 114.013870239 115.414794922 116.933540344 118.57900238 120.35471344 122.255683899 124.2657547 126.356452942 128.486495972 130.603179932 132.644363403 134.541870117 136.225219727 137.625946045 138.68145752 139.338882446 139.557601929 139.312011719 138.593231201 137.410522461 135.792053223 133.783401489 131.444763184 128.846313477 126.06363678 123.174163818 120.25453186 117.378738403 114.616241455 112.029296875 109.670120239 107.578193665 105.778312683
113.771820068 113.630531311 113.316200256 112.861175537 112.301437378 111.673789978 111.013587952 110.352844238 109.719474792 109.137138367 108.62613678 108.204101563 107.886993408 107.689674377 107.626304626 107.709793091 107.950813293 108.355781555 108.925079346 109.651779175 110.52230072 111.519226074 112.625274658 113.827636719 115.120483398 116.504981995 117.98727417 119.574897766 121.273193359 123.081848145 124.992195129 126.985115051 129.030090332 131.084777832 133.096420288 135.003601074 136.739578247 138.236022949 139.427215576 140.254104614 140.668121338 140.633895874 140.131744385 139.159301758 137.732574463 135.885757446 133.669555664 131.147521973 128.391662598 125.477622986 122.481529236 119.477363586 116.535545349 113.721298218 111.092575073 108.697723389 106.573425293 104.743125916
114.033332825 113.99848938 113.787948608 113.432922363 112.968383789 112.430511475 111.854484558 111.272758484 110.714187622 110.20388031 109.763969421 109.414123535 109.172302246 109.055168152 109.0779953 109.254051208 109.593414307 110.10092926 110.775115967 111.607002258 112.581390381 113.679504395 114.883110046 116.178321838 117.557991028 119.021385193 120.572135925 122.214561462 123.950248718 125.774856567 127.676025391 129.631668091 131.609359741 133.566192627 135.449996948 137.200973511 138.754806519 140.046203613 141.012939453 141.599960327 141.763092041 141.47203064 140.712738037 139.488967896 137.822891235 135.754364014 133.338562012 130.642211914 127.738937378 124.704589844 121.614097595 118.539054871 115.546348572 112.697006226 110.044494629 107.633079529 105.496337891 103.655990601
114.275718689 114.3491745 114.245002747 113.993530273 113.628799438 113.186332703 112.701095581 112.20589447 111.730506897 111.301460266 110.942581177 110.675292969 110.519012451 110.491264343 110.607543945 110.880523682 111.31893158 111.925857544 112.697982788 113.624954224 114.690704346 115.876060486 117.162567139 118.535682678 119.987213135 121.514503479 123.118560791 124.800392151 126.557739258 128.382324219 130.258087158 132.160095215 134.054199219 135.897247314 137.638137817 139.219329834 140.579559326 141.657196045 142.393890381 142.738739014 142.651901245 142.107833862 141.097747803 139.630981445 137.735214233 135.455383301 132.850692749 129.990615845 126.950218201 123.805618286 120.630783081 117.495201111 114.462638855 111.590156555 108.927024841 106.513595581 104.3804245 102.547363281
114.493728638 114.674308777 114.675590515 114.527359009 114.263252258 113.91859436 113.528488159 113.126281738 112.742698669 112.405464172 112.139625549 111.967590332 111.909263611 111.981941223 112.200126648 112.574790955 113.112510681 113.814231873 114.674942017 115.683418274 116.823814392 118.077766418 119.427612305 120.8592453 122.363800049 123.937004089 125.57723999 127.28213501 129.045608521 130.855514526 132.692214966 134.528121948 136.327606201 138.04750061 139.638046265 141.044250488 142.208343506 143.072509766 143.582473755 143.691345215 143.363479614 142.577651978 141.329772949 139.634170532 137.523406982 135.046737671 132.266769409 129.255264282 126.088569641 122.843063354 119.592079163 116.403381348 113.338157654 110.450149536 107.784996033 105.379646301 103.261878967 101.449783325
114.687820435 114.972335815 115.075592041 115.027351379 114.86151123 114.613990784 114.320739746 114.016105652 113.7318573 113.496635437 113.336074829 113.272583008 113.325363159 113.510192871 113.839202881 114.320465088 114.957466125 115.748458862 116.686668396 117.760696411 118.955848694 120.256004333 121.645820618 123.112724304 124.648147583 126.246673584 127.904212952 129.615112305 131.369567871 133.151641846 134.938415527 136.699707031 138.398712158 139.992294312 141.432235718 142.666152954 143.639709473 144.298919678 144.593475342 144.480300903 143.927566528 142.917922974 141.451461792 139.546676636 137.240280151 134.584976196 131.646087646 128.497116089 125.215484619 121.87789917 118.557312012 115.32043457 112.226539612 109.326858521 106.664230347 104.272834778 102.178123474 100.396591187
114.86353302 115.247756958 115.448104858 115.494804382 115.422821045 115.269493103 115.072418213 114.867507935 114.687774658 114.5626297 114.517662048 114.574417114 114.750228882 115.057952881 115.506034851 116.098320007 116.834098816 117.708267212 118.712173462 119.834602356 121.063079834 122.385070801 123.789093018 125.265556335 126.807312012 128.40852356 130.063232422 131.762710571 133.493637085 135.236480713 136.965240479 138.647415161 140.244995117 141.714981079 143.010543823 144.081817627 144.877624512 145.347549438 145.444900513 145.130172729 144.374847412 143.165084839 141.50440979 139.414810181 136.93611145 134.123596191 131.044418335 127.773414612 124.388702393 120.967437744 117.582595825 114.300453186 111.179275513 108.268737793 105.609710693 103.234359741 101.166381836 99.4208374023
115.029975891 115.509483337 115.801727295 115.937828064 115.954437256 115.891067505 115.787635803 115.682098389 115.60900116 115.598388672 115.675552368 115.860542297 116.167892456 116.606460571 117.179649353 117.885734558 118.718757629 119.669395447 120.726905823 121.880508423 123.120758057 124.439941406 125.831878662 127.291427612 128.814102173 130.394714355 132.026107788 133.697189331 135.391372681 137.085891724 138.751724243 140.354202271 141.854110718 143.208480835 144.371627808 145.295776367 145.932556152 146.234619141 146.158493042 145.667755127 144.736999512 143.355209351 141.528762817 139.282196045 136.657501221 133.71156311 130.512527466 127.135910034 123.660339355 120.163551331 116.718940735 113.393096924 110.244140625 107.321182251 104.6640625 102.303695679 100.262489319 98.5544128418
115.1977005 115.768508911 116.147964478 116.368408203 116.468597412 116.490661621 116.477203369 116.468528748 116.500862122 116.605041504 116.806022644 117.122085571 117.564476013 118.137214661 118.83757019 119.657081604 120.5834198 121.602371216 122.700752258 123.868476868 125.099708557 126.392555237 127.747291565 129.16456604 130.643890381 132.181869507 133.771133423 135.398788452 137.045639038 138.68586731 140.287582397 141.81388855 143.224319458 144.475692749 145.523071289 146.320327759 146.821273804 146.981155396 146.759262085 146.121795654 145.045974731 143.523239136 141.562011719 139.188598633 136.446044922 133.391845703 130.09437561 126.629264832 123.075439453 119.511230469 116.010986328 112.642204285 109.46383667 106.525283813 103.86630249 101.517272949 99.4998321533 97.8272705078
115.376457214 116.035255432 116.498260498 116.799110413 116.978797913 117.082176208 117.154518127 117.238563538 117.372291565 117.587524414 117.909065247 118.353546143 118.928718567 119.633201599 120.457290649 121.384895325 122.396522522 123.472602844 124.597457886 125.761901855 126.964202881 128.208969116 129.503952026 130.856628418 132.27166748 133.748626709 135.280838013 136.854309082 138.447570801 140.031936646 141.57270813 143.030715942 144.364013672 145.528915405 146.480834961 147.17477417 147.566207886 147.612365723 147.274780273 146.521972656 145.333312988 143.70211792 141.638290405 139.168899536 136.337265015 133.200485229 129.826400757 126.290206909 122.670967102 119.047698975 115.496009827 112.084953308 108.875 105.916786194 103.25075531 100.907470703 98.9084243774 97.2665863037
115.573348999 116.317253113 116.861000061 117.239501953 117.495758057 117.677024841 117.831047058 118.002693176 118.231811523 118.551315308 118.986122131 119.551422119 120.251449585 121.079055786 122.017036438 123.041069031 124.124214172 125.241630554 126.375488281 127.517936707 128.671951294 129.849136353 131.065292358 132.335678101 133.671020508 135.07460022 136.541137695 138.055923462 139.595336914 141.127868652 142.615936279 144.01789856 145.29019165 146.388305664 147.267700195 147.884048462 148.19392395 148.15612793 147.73399353 146.897903442 145.628982544 143.921936035 141.787414551 139.252548218 136.360031128 133.165847778 129.73664856 126.146820068 122.475288391 118.801765442 115.203346252 111.751083374 108.507553101 105.52532196 102.846290588 100.501914978 98.5141525269 96.8961334229
115.791793823 116.617683411 117.239624023 117.693572998 118.024185181 118.280563354 118.512390137 118.766395569 119.084014893 119.49936676 120.03754425 120.712356567 121.524391174 122.460548401 123.495857239 124.597747803 125.73210144 126.869499207 127.990890503 129.090744019 130.17741394 131.269989014 132.392822266 133.569259644 134.816604614 136.142242432 137.542388916 139.00163269 140.494049072 141.984985352 143.433776855 144.796188354 146.026794434 147.080154419 147.911529541 148.476913452 148.733703613 148.641860962 148.166030884 147.278167725 145.960693359 144.209182739 142.034439087 139.463043213 136.536315918 133.308609009 129.844924927 126.218528748 122.507980347 118.793663025 115.154159546 111.662696838 108.384376526 105.374191284 102.676109314 100.323196411 98.3385620117 96.7360458374
116.031677246 116.93535614 117.632209778 118.159111023 118.561836243 118.890846252 119.197059631 119.528617859 119.92817688 120.430679321 121.061126709 121.831581116 122.738800049 123.763580322 124.873336792 126.027793884 127.186660767 128.317337036 129.401138306 130.436248779 131.437301636 132.431503296 133.451828003 134.529785156 135.688980103 136.940719604 138.282287598 139.697067261 141.156265259 142.621749878 144.049407959 145.392242432 146.602920532 147.635040283 148.44354248 148.984634399 149.216293335 149.099304199 148.599395752 147.689605713 146.353256226 144.586380005 142.399414063 139.817840576 136.881210327 133.641876221 130.162948608 126.516349792 122.780197144 119.035270691 115.361534119 111.834312439 108.521286011 105.480209351 102.757644653 100.388946533 98.3989715576 96.8029327393
116.290390015 117.266090393 118.033195496 118.629455566 119.101501465 119.50050354 119.878189087 120.283370972 120.759300232 121.340934753 122.0522995 122.902908325 123.885192871 124.973930359 126.129608154 127.305496216 128.456985474 129.550323486 130.569290161 131.517456055 132.417007446 133.303619385 134.218765259 135.201416016 136.280700684 137.470870972 138.76940918 140.157577515 141.603103638 143.063812256 144.491882324 145.837402344 147.051269531 148.086151123 148.896789551 149.43951416 149.672729492 149.557815552 149.061218262 148.156707764 146.828186035 145.071716309 142.897094727 140.328338623 137.403091431 134.171508789 130.69480896 127.043556213 123.295143127 119.530593872 115.830856323 112.27305603 108.927253723 105.854003906 103.102867126 100.712013245 98.7087554932 97.1101455688
116.564323425 117.604789734 118.436134338 119.09702301 119.634811401 120.101081848 120.547782898 121.02368927 121.571556091 122.225097656 123.005912781 123.919792175 124.954216003 126.078208923 127.246643066 128.408477783 129.517364502 130.541137695 131.468338013 132.309860229 133.096389771 133.872253418 134.686813354 135.585205078 136.600585938 137.748565674 139.025543213 140.409713745 141.864562988 143.343536377 144.79498291 146.166290283 147.40663147 148.467926025 149.304748535 149.873641968 150.13319397 150.045135498 149.576278687 148.700866699 147.403045654 145.678665161 143.536804199 140.999969482 138.103866577 134.896652222 131.437744141 127.796302795 124.048950195 120.276519775 116.56047821 112.979179382 109.604660034 106.500152588 103.718315125 101.300613403 99.277305603 97.6678619385
116.850067139 117.947357178 118.836273193 119.556564331 120.156295776 120.687263489 121.20110321 121.745613098 122.361694336 123.080108643 123.918289185 124.876937866 125.937973022 127.065345764 128.210205078 129.320083618 130.350204468 131.273117065 132.084732056 132.804794312 133.473114014 134.142364502 134.868499756 135.70098877 136.674835205 137.805038452 139.085449219 140.490203857 141.978240967 143.498565674 144.995941162 146.415237427 147.704208374 148.814224243 149.699707031 150.317245483 150.625442505 150.586013794 150.165863037 149.339355469 148.090682983 146.415557861 144.322280884 141.832183838 138.979385376 135.810317993 132.382766724 128.76461792 125.031486511 121.263542175 117.54221344 113.946395874 110.549530029 107.417160034 104.605003357 102.157966614 100.109695435 98.4825057983
117.145240784 118.291732788 119.232078552 120.007064819 120.665527344 121.259277344 121.838981628 122.450302124 123.130706787 123.906188965 124.788230896 125.771179199 126.83114624 127.928039551 129.01171875 130.031707764 130.948608398 131.742965698 132.420440674 133.01083374 133.563156128 134.137329102 134.7940979 135.584838867 136.543807983 137.683334351 138.993148804 140.442749023 141.986450195 143.569244385 145.132888794 146.62020874 147.977859497 149.156677246 150.110931396 150.796951294 151.173065186 151.200622559 150.846191406 150.084030151 148.898422241 147.284957886 145.25163269 142.819046021 140.020202637 136.900299072 133.515808105 129.933303833 126.227149963 122.476470947 118.761901855 115.162223816 111.751617432 108.597358704 105.7579422 103.281700134 101.205833435 99.5558929443
117.448730469 118.638023376 119.625152588 120.451675415 121.166984558 121.822540283 122.467224121 123.143280029 123.883132935 124.706184387 125.616569519 126.601394653 127.631217957 128.663375854 129.649246216 130.544036865 131.317398071 131.961151123 132.492630005 132.952407837 133.39805603 133.895187378 134.506790161 135.283477783 136.256164551 137.432342529 138.796447754 140.312942505 141.931900024 143.595169067 145.242202759 146.814453125 148.257827759 149.522659302 150.562789917 151.333953857 151.793792725 151.902801514 151.627029419 150.940414429 149.827331543 148.283691406 146.317657471 143.949691772 141.212432861 138.150238037 134.818618774 131.282806396 127.615692139 123.894882202 120.199699402 116.608062744 113.194168091 110.026382446 107.165473938 104.662895203 102.559371948 100.883842468
117.760696411 118.988037109 120.01940918 120.896446228 121.668403625 122.385704041 123.094497681 123.832305908 124.624954224 125.483917236 126.405006409 127.367874146 128.338256836 129.272857666 130.1275177 130.86668396 131.472564697 131.95072937 132.331726074 132.6668396 133.021057129 133.463516235 134.05682373 134.848007202 135.862289429 137.100601196 138.541152954 140.1434021 141.853790283 143.611831665 145.355758667 147.02633667 148.568954468 149.933502197 151.073028564 151.942337036 152.497787476 152.698867798 152.510650635 151.906845093 150.872055054 149.402877808 147.508270264 145.209213257 142.538574219 139.540435791 136.269500732 132.789779663 129.172531128 125.493515015 121.830177307 118.259033203 114.85357666 111.682594299 108.808418274 106.285118103 104.156570435 102.455116272
118.082817078 119.344802856 120.419914246 121.348518372 122.178565979 122.958282471 123.729919434 124.525054932 125.36177063 126.242805481 127.155265808 128.07182312 128.954650879 129.76210022 130.457321167 131.017196655 131.439208984 131.744735718 131.97795105 132.200332642 132.482620239 132.894897461 133.496841431 134.329360962 135.410202026 136.732528687 138.267959595 139.971038818 141.785263062 143.648788452 145.499404907 147.277877808 148.929504395 150.403533936 151.652038574 152.628372192 153.287414551 153.587173462 153.491821289 152.97479248 152.021148682 150.628540039 148.807189941 146.57925415 143.978225708 141.048324585 137.843765259 134.427459717 130.869003296 127.242073059 123.622055054 120.0835495 116.698814392 113.536331177 110.659233093 108.12335968 105.975280762 104.250312805
118.418769836 119.712692261 120.832328796 121.815093994 122.705810547 123.548919678 124.381378174 125.227775574 126.097747803 126.985023499 127.868453979 128.714767456 129.484481812 130.139846802 130.654083252 131.01890564 131.24911499 131.382781982 131.477661133 131.604125977 131.836471558 132.243301392 132.878829956 133.776077271 134.943969727 136.367523193 138.011688232 139.826553345 141.753265381 143.729324341 145.692840576 147.585021973 149.351333618 150.940475464 152.303237915 153.391296387 154.157775879 154.559158325 154.558746338 154.12979126 153.258071899 151.942459106 150.194717407 148.038452148 145.508148193 142.648529053 139.513595581 136.165359497 132.671936035 129.105056763 125.537910461 122.043006897 118.690971375 115.549339294 112.681228638 110.143379211 107.984016418 106.240951538
118.775543213 120.098526001 121.263595581 122.303436279 123.257659912 124.164772034 125.054924011 125.944717407 126.835029602 127.711036682 128.544342041 129.297653198 129.932006836 130.416107178 130.735366821 130.898025513 130.937088013 130.907348633 130.879257202 130.930343628 131.136062622 131.561203003 132.252410889 133.233505249 134.504043579 136.040939331 137.802963257 139.736251831 141.780212402 143.8722229 145.951126099 147.959014893 149.84161377 151.547134399 153.025024414 154.225189209 155.098922729 155.601379395 155.695098877 155.353363037 154.562667847 153.323120117 151.648025513 149.562438965 147.10206604 144.312347412 141.247390747 137.968704224 134.543319702 131.041290283 127.533843994 124.091468811 120.782958984 117.674514771 114.828361511 112.301055908 110.141441345 108.388763428
