test/RTP15km_surf6.grd
DSAA
350 276
0 698068.229138
-1.9440449250396E-11 549781.696618
-15.475642204285 222.69007873535
[rows 104 to 129 of 276, columns 174 to 231 of 350]
102.118293762 98.897354126 96.0324935913 93.5036392212 91.2951202393 89.4031295776 87.8359832764 86.6094665527 85.7417602539 85.249710083 85.1474075317 85.4456787109 86.1517028809 87.2682571411 88.7925872803 90.715133667 93.0185546875 95.6769561768 98.6556930542 101.911026001 105.390068054 109.030685425 112.760925293 116.499015808 120.155517578 123.638168335 126.860809326 129.753234863 132.269866943 134.394317627 136.138671875 137.53894043 138.647918701 139.52671814 140.236450195 140.830154419 141.347366333 141.811813354 142.233581543 142.6146698 142.956375122 143.266113281 143.562286377 143.875900269 144.249237061 144.731048584 145.368804932 146.200210571 147.24710083 148.51399231 149.992523193 151.667938232 153.525238037 155.551712036 157.73487854 160.057952881 162.493774414 164.999069214
101.049339294 97.6125717163 94.5581588745 91.8665313721 89.51953125 87.5087661743 85.8370513916 84.5147781372 83.5554656982 82.9723205566 82.7767868042 82.9777297974 83.5807266235 84.587059021 85.9924926758 87.785949707 89.9486236572 92.4534683228 95.26537323 98.341293335 101.630645752 105.07522583 108.608207703 112.153511047 115.627227783 118.94229126 122.017570496 124.788009644 127.213020325 129.280517578 131.005645752 132.425384521 133.591522217 134.562332153 135.395309448 136.140213013 136.834701538 137.502212524 138.153503418 138.790283203 139.410644531 140.014770508 140.610092163 141.214431763 141.856384277 142.571868896 143.39755249 144.363952637 145.490402222 146.784103394 148.243469238 149.862213135 151.632705688 153.546356201 155.591369629 157.749465942 159.991973877 162.276153564
100.167320251 96.5792236328 93.3912582397 90.5848236084 88.1396179199 86.0428619385 84.2918014526 82.8913803101 81.8506240845 81.1796035767 80.8878326416 80.9831466675 81.4704742432 82.3505477905 83.6184768677 85.2623825073 87.2626953125 89.5918502808 92.2148132324 95.0897140503 98.1686096191 101.397415161 104.714599609 108.049804688 111.324783325 114.458000183 117.373565674 120.011520386 122.335952759 124.338470459 126.036399841 127.467102051 128.680801392 129.732910156 130.677612305 131.561859131 132.421798706 133.280807495 134.150100708 135.030822754 135.917953491 136.804901123 137.688858032 138.574920654 139.477539063 140.418624878 141.422698975 142.511932373 143.702926636 145.005950928 146.426803589 147.968154907 149.629776001 151.407012939 153.288711548 155.255386353 157.277755737 159.314834595
99.4094696045 95.7395172119 92.4784698486 89.6088867188 87.1088409424 84.9616699219 83.1595535278 81.7024154663 80.5953292847 79.8457870483 79.4620437622 79.4515686035 79.8193130493 80.5661315918 81.6870269775 83.1699066162 84.9949951172 87.1347351074 89.5547027588 92.2147216797 95.0697860718 98.0701217651 101.159339905 104.272842407 107.338180542 110.279602051 113.026908875 115.525260925 117.74307251 119.67502594 121.339874268 122.774635315 124.027709961 125.151611328 126.19745636 127.209793091 128.223632813 129.262268066 130.337173462 131.44871521 132.588867188 133.744903564 134.904556274 136.060409546 137.212478638 138.367630005 139.537139893 140.734054565 141.971862793 143.263977051 144.623809814 146.062774658 147.587768555 149.197952271 150.883087158 152.623306274 154.389968872 156.145217896
98.7179946899 95.0385665894 91.7674865723 88.8885421753 86.3787460327 84.2183685303 82.3954544067 80.9058761597 79.7515029907 78.9379348755 78.4727020264 78.3633575439 78.6152877808 79.2298126221 80.2022323608 81.520614624 83.165397644 85.1095428467 87.3198471069 89.7583007813 92.3831863403 95.1490402222 98.0045394897 100.890563965 103.740570068 106.484893799 109.059265137 111.414207458 113.522239685 115.380516052 117.008506775 118.442359924 119.728187561 120.915687561 122.053085327 123.182853699 124.338935852 125.544509888 126.811027527 128.138015747 129.514587402 130.922454834 132.340408325 133.748825073 135.132843018 136.483657837 137.798706055 139.081695557 140.343048096 141.59928894 142.871002197 144.177764893 145.533050537 146.93989563 148.389465332 149.862716675 151.332901001 152.766586304
98.0424575806 94.4271240234 91.2099304199 88.3760070801 85.9020385742 83.7663650513 81.9541854858 80.4584884644 79.278968811 78.4199905396 77.8887939453 77.6932601929 77.8393936157 78.3291168213 79.1582183838 80.3152084351 81.7810592651 83.5297775269 85.5299530029 87.7462692261 90.1406555176 92.6719055176 95.2935180664 97.9515838623 100.585472107 103.131690979 105.532272339 107.743164063 109.740867615 111.52456665 113.113868713 114.543411255 115.856819153 117.100791931 118.320861816 119.557495117 120.843544006 122.201797485 123.643363953 125.166786194 126.758560181 128.395217896 130.047134399 131.682495117 133.271514893 134.789627075 136.22064209 137.559448242 138.81388855 140.003585815 141.155548096 142.296600342 143.445968628 144.610534668 145.783905029 146.949111938 148.082489014 149.155838013
97.344039917 93.8651657104 90.7645797729 88.0289306641 85.6355667114 83.5623245239 81.7929382324 80.318901062 79.1386795044 78.2560958862 77.6783599854 77.4137420654 77.4688720703 77.846244812 78.5422058105 79.5458831787 80.8391418457 82.3975296021 84.1919708252 86.190322876 88.3583831787 90.6591873169 93.0507583618 95.484336853 97.9049606323 100.255584717 102.484573364 104.553398132 106.442329407 108.15221405 109.702270508 111.125183105 112.461730957 113.755584717 115.049499512 116.381843567 117.784065247 119.278114319 120.874382019 122.570167542 124.349464417 126.183982849 128.035949707 129.8618927 131.617401123 133.262893677 134.769622803 136.124908447 137.334915161 138.422271729 139.419586182 140.359542847 141.266448975 142.151199341 143.010879517 143.831954956 144.594802856 145.276855469
96.6006698608 93.3256149292 90.4001998901 87.8128814697 85.54271698 83.5683746338 81.8736801147 80.4498138428 79.2949447632 78.4128417969 77.8108520508 77.4975128174 77.479888916 77.7609100342 78.3375167847 79.1995620728 80.3302230835 81.7069473267 83.3034515381 85.0911407471 87.0397644043 89.116569519 91.2840194702 93.4983825684 95.7105102539 97.8698730469 99.9312438965 101.861465454 103.64427948 105.281761169 106.792289734 108.206253052 109.561332703 110.897994995 112.256088257 113.671524048 115.173774719 116.783287048 118.509078979 120.346862793 122.278121948 124.270042419 126.277381897 128.245697021 130.117263794 131.839050293 133.37159729 134.696426392 135.818939209 136.76473999 137.571029663 138.275238037 138.906066895 139.478820801 139.995117188 140.446090698 140.816970825 141.090682983
95.8101577759 92.7963867188 90.0971069336 87.7026062012 85.5943603516 83.7530593872 82.1638946533 80.8187484741 79.7162017822 78.8602294922 78.2583007813 77.9190139771 77.8494720459 78.0528182983 78.5264434814 79.261177063 80.2416763306 81.4477615356 82.8561935425 84.4420394897 86.1790618896 88.0386886597 89.9879150391 91.9881515503 93.9963760376 95.9686813354 97.8662796021 99.6610794067 101.339927673 102.905570984 104.375167847 105.776489258 107.143981934 108.514732361 109.925369263 111.408813477 112.99181366 114.69229126 116.517028809 118.459617615 120.498916626 122.598136902 124.705482483 126.757095337 128.68397522 130.422012329 131.92350769 133.166030884 134.155197144 134.919403076 135.499603271 135.937088013 136.264694214 136.502456665 136.657531738 136.726745605 136.700622559 136.567260742
94.9891967773 92.2796478271 89.8466644287 87.6816177368 85.7686233521 84.0910949707 82.6363677979 81.3977966309 80.3748092651 79.5716552734 78.9957275391 78.6552429199 78.5568618774 78.7034835815 79.0927810669 79.7164840698 80.5610427856 81.6087722778 82.8396606445 84.2325057983 85.7650604248 87.4129867554 89.1480941772 90.9373626709 92.7442245483 94.5316619873 96.2671813965 97.9275360107 99.5020675659 100.993850708 102.418357849 103.800498962 105.171348572 106.564407349 108.012733459 109.545608521 111.18611145 112.948432922 114.836036682 116.839691162 118.935592651 121.083633423 123.226974487 125.294631958 127.209083557 128.898193359 130.30871582 131.41619873 132.227157593 132.772628784 133.096679688 133.24395752 133.251281738 133.143844604 132.934936523 132.627609253 132.217895508 131.698547363
94.1676635742 91.7881546021 89.6486358643 87.7402954102 86.0492858887 84.5618667603 83.2678985596 82.1625366211 81.2461853027 80.5233154297 80.0008163452 79.6859283447 79.5841293335 79.6974868774 80.0233917236 80.5542373657 81.278213501 82.1802062988 83.2435531616 84.4507980347 85.7837677002 87.2227020264 88.7446517944 90.3227462769 91.9273605347 93.528503418 95.0999145508 96.6227798462 98.0886154175 99.5002975464 100.871307373 102.223503113 103.584335327 104.983581543 106.450363159 108.009651184 109.679771423 111.469993591 113.379333496 115.39490509 117.490364075 119.623207092 121.733581543 123.746185303 125.578338623 127.153297424 128.415130615 129.338943481 129.932785034 130.23008728 130.277496338 130.122619629 129.806182861 129.358642578 128.799514771 128.138168335 127.375999451 126.509765625
93.3810195923 91.34009552 89.5076141357 87.8729934692 86.4234390259 85.1475219727 84.0374908447 83.0903320313 82.3073730469 81.6929779053 81.2529602051 80.9928131104 80.9159011841 81.0223922729 81.3084869385 81.7666397095 82.3862533569 83.1548080444 84.0589523315 85.0852432251 86.2199783325 87.4485778809 88.7540435791 90.1164093018 91.5134048462 92.9222259521 94.3227081299 95.7001419067 97.0477752686 98.3680038452 99.6720352173 100.978378296 102.310745239 103.694923401 105.15574646 106.713287354 108.380210876 110.159881592 112.04574585 114.020805359 116.056312561 118.108634949 120.117134094 122.005332947 123.689079285 125.090545654 126.153785706 126.855056763 127.204185486 127.23651123 127.000610352 126.546432495 125.918273926 125.151512146 124.271606445 123.293830872 122.224433899 121.063552856
92.6632766724 90.9542236328 89.4294967651 88.0754699707 86.8792114258 85.8307418823 84.9242782593 84.1583480835 83.5349273682 83.0578308105 82.7311401367 82.5575408936 82.5370788574 82.6665649414 82.9396514893 83.3474731445 83.8799133301 84.5264968872 85.2773971558 86.1236572266 87.056968689 88.068901062 89.149520874 90.2865524292 91.4656143188 92.6711578369 93.8888549805 95.1077651978 96.3225708008 97.534828186 98.7532501221 99.9928131104 101.273200989 102.615982056 104.041313171 105.563995361 107.190437317 108.917442322 110.732429504 112.61415863 114.531898499 116.442222595 118.285888672 119.988273621 121.467300415 122.647438049 123.475212097 123.929336548 124.021400452 123.787811279 123.277938843 122.543136597 121.630310059 120.579025269 119.419891357 118.173469543 116.850349426 115.453285217
92.0427932739 90.6469039917 89.4194793701 88.3432235718 87.4042282104 86.5931854248 85.9056854248 85.3413619995 84.9024505615 84.5916595459 84.4105300903 84.3578414917 84.4287338257 84.6148300171 84.9051818848 85.2877502441 85.7513580322 86.2868499756 86.8880157471 87.5512771606 88.275062561 89.0587463379 89.9008560181 90.7978591919 91.7437744141 92.7303771973 93.748840332 94.7916717529 95.8545837402 96.938079834 98.0481414795 99.1959762573 100.396949768 101.668083191 103.024581909 104.475578308 106.021286011 107.651908875 109.3491745 111.088012695 112.836494446 114.552528381 116.180015564 117.648742676 118.881607056 119.808288574 120.379989624 120.578689575 120.417488098 119.932701111 119.17301178 118.189605713 117.030700684 115.738777161 114.348678589 112.885528564 111.363670349 109.788032532
91.5410003662 90.4310379028 89.4812316895 88.6710128784 87.9852600098 87.414855957 86.9562683105 86.6099243164 86.3778457642 86.261177063 86.2580871582 86.3621520996 86.5619506836 86.8416366577 87.1830673218 87.5684509277 87.9834136963 88.4189682007 88.8724517822 89.3467788696 89.848991394 90.388343811 90.9737167358 91.6116790771 92.3052062988 93.0534439087 93.852897644 94.6989898682 95.5882034302 96.5196533203 97.4963989258 98.5256118774 99.6180267334 100.785652161 102.038414001 103.379821777 104.80418396 106.296081543 107.832626343 109.386108398 110.924316406 112.407302856 113.783187866 114.987693787 115.950737 116.609291077 116.920661926 116.870666504 116.473388672 115.763870239 114.788452148 113.596488953 112.235839844 110.750579834 109.178619385 107.54889679 105.879013062 104.175765991
91.1727371216 90.3161239624 89.6171646118 89.0532531738 88.6084671021 88.2740707397 88.0472717285 87.9290618896 87.9211273193 88.0226364136 88.2276992798 88.5236434937 88.8905944824 89.3028488159 89.7319793701 90.1513442993 90.5406570435 90.8893661499 91.1979980469 91.4769744873 91.7440567017 92.0207901001 92.3287200928 92.686050415 93.1056976318 93.5943908691 94.1536865234 94.7816543579 95.4750366211 96.2313079834 97.0502929688 97.9348068237 98.8905792236 99.9241867065 101.039962769 102.236000061 103.501564026 104.817214966 106.157333374 107.493156433 108.793228149 110.020133972 111.126487732 112.054397583 112.741737366 113.133628845 113.19418335 112.913078308 112.304924011 111.402503967 110.248603821 108.889312744 107.37071991 105.737083435 104.028282166 102.276100159 100.500892639 98.7111740112
90.9467697144 90.3082809448 89.8284301758 89.4842224121 89.2601013184 89.148223877 89.1470184326 89.2582550049 89.4834289551 89.8197555542 90.2570343018 90.7754516602 91.3451690674 91.9281387329 92.4826278687 92.9696273804 93.3598098755 93.6387329102 93.809211731 93.8897705078 93.9105911255 93.9080963135 93.9188537598 93.9747467041 94.0998153687 94.3088912964 94.6086044312 94.9992904663 95.4775619507 96.0387573242 96.679107666 97.3967514038 98.1919326782 99.0654373169 100.015892029 101.036323547 102.112312317 103.222290039 104.340133667 105.437812805 106.485527039 107.448478699 108.283409119 108.93838501 109.358901978 109.498069763 109.326461792 108.837310791 108.04535675 106.980773926 105.682304382 104.192123413 102.553604126 100.81010437 99.0022201538 97.1634902954 95.3163452148 93.4708557129
90.8659286499 90.4098052979 90.1144104004 89.9579849243 89.9266891479 90.0146331787 90.2222442627 90.5529098511 91.0085296631 91.5848999023 92.2677154541 93.0298233032 93.8303451538 94.6170578003 95.3321838379 95.9211044312 96.3420944214 96.5740280151 96.6201705933 96.5068435669 96.2777099609 95.9860305786 95.685798645 95.4247131348 95.2395095825 95.1539764404 95.1800460815 95.3200073242 95.5699005127 95.922454834 96.3698348999 96.9050445557 97.5225067139 98.2169494629 98.9813537598 99.80443573 100.669456482 101.554626465 102.43547821 103.286277771 104.079536438 104.782997131 105.356750488 105.753875732 105.926345825 105.834007263 105.452941895 104.779296875 103.827812195 102.626235962 101.209671021 99.6166229248 97.887512207 96.0640411377 94.1862792969 92.2883148193 90.3937301636 88.513999939
90.926612854 90.6181259155 90.4714202881 90.4673156738 90.5948486328 90.8512878418 91.240196228 91.7675933838 92.4369888306 93.2438201904 94.1705474854 95.1830596924 96.2293624878 97.2421569824 98.1459732056 98.8681259155 99.3515090942 99.5651245117 99.5101165771 99.2188644409 98.7483291626 98.1695404053 97.5558547974 96.9727935791 96.4714813232 96.0857696533 95.8331756592 95.717956543 95.7350616455 95.874168396 96.1228790283 96.4686508179 96.8998794556 97.405166626 97.9722976685 98.5864486694 99.2298812866 99.8823394775 100.522445679 101.127853394 101.673942566 102.130706787 102.460868835 102.621337891 102.568901062 102.268608093 101.700569153 100.863166809 99.7711257935 98.4505386353 96.9339294434 95.2569732666 93.4575500488 91.5751342773 89.6483306885 87.7105331421 85.7855682373 83.8860778809
91.1185913086 90.9249420166 90.8915710449 91.0026245117 91.2509078979 91.6377868652 92.1710128784 92.8605575562 93.7128753662 94.7244262695 95.8758010864 97.1271362305 98.4162139893 99.6612243652 100.768913269 101.647605896 102.222801208 102.450744629 102.327026367 101.887077332 101.19921875 100.351882935 99.4384460449 98.5437774658 97.7348327637 97.0565261841 96.5325164795 96.1688919067 95.9593887329 95.8902359009 95.9441299438 96.1028442383 96.3486404419 96.6643218994 97.032989502 97.4372177124 97.8593521118 98.28175354 98.6870193481 99.0567550659 99.3693237305 99.5968093872 99.7040176392 99.6504898071 99.3964157104 98.9102325439 98.1749038696 97.1903076172 95.9714202881 94.5436019897 92.938041687 91.1886901855 89.3314666748 87.4035644531 85.4413223267 83.476524353 81.5325622559 79.6229476929
91.4250106812 91.3157043457 91.3619003296 91.5512008667 91.8805541992 92.35597229 92.9902648926 93.7983322144 94.7908096313 95.9665985107 97.3060073853 98.76512146 100.273475647 101.736808777 103.045898438 104.091194153 104.780403137 105.054893494 104.901260376 104.353942871 103.489006042 102.409965515 101.229507446 100.052047729 98.961151123 98.013420105 97.2390441895 96.646156311 96.2272109985 95.9649429321 95.8371734619 95.8200531006 95.8900527954 96.0247268677 96.2031707764 96.4062271118 96.6170349121 96.8210983276 97.0052108765 97.1549911499 97.251701355 97.2694091797 97.1745071411 96.9283828735 96.4934921265 95.8404464722 94.9539718628 93.8350906372 92.4993057251 90.972038269 89.2842254639 87.4691543579 85.5613174438 83.5957489014 81.6062774658 79.6225662231 77.6671829224 75.754486084
91.8234786987 91.7705688477 91.8649749756 92.0975570679 92.4693145752 92.9911193848 93.6810836792 94.5595703125 95.6420898438 96.9310379028 98.4078521729 100.026596069 101.711288452 103.358535767 104.846870422 106.051811218 106.864929199 107.212242126 107.068504333 106.462852478 105.47429657 104.21736145 102.821311951 101.408653259 100.079109192 98.9009094238 97.9108963013 97.1195068359 96.5182571411 96.0867080688 95.7982559204 95.6239471436 95.5350570679 95.5047073364 95.5088424683 95.5272903442 95.5444412231 95.548866272 95.5313415527 95.4811630249 95.3822402954 95.2103729248 94.9333496094 94.5140228271 93.9163208008 93.1123962402 92.0881958008 90.8457107544 89.4011611938 87.780632019 86.0154953003 84.1390533447 82.1849136353 80.1862335205 78.1744384766 76.177154541 74.2161941528 72.3067550659
92.2877578735 92.2659301758 92.3803710938 92.62474823 93.0037841797 93.5328979492 94.2353210449 95.1366882324 96.2574005127 97.6036987305 99.1591873169 100.877876282 102.68132782 104.461212158 106.088508606 107.42855835 108.360214233 108.795516968 108.696235657 108.082504272 107.031181335 105.662353516 104.117103577 102.532775879 101.023025513 99.6667556763 98.5072174072 97.5574569702 96.808631897 96.2380371094 95.8154449463 95.5076675415 95.2818222046 95.1075057983 94.9585571289 94.8143386841 94.6606903076 94.4890289307 94.2934646606 94.0663299561 93.7937927246 93.4532165527 93.0135803223 92.4390029907 91.6947555542 90.754234314 89.6044921875 88.2483901978 86.7031173706 84.9956588745 83.158241272 81.2244491577 79.2274703979 77.1990585327 75.168762207 73.1626358032 71.2020339966 69.3032150269
92.7901153564 92.7768783569 92.8869552612 93.1163787842 93.4730453491 93.97631073 94.6537704468 95.5355300903 96.6461257935 97.9954147339 99.5696563721 101.324501038 103.182029724 105.033157349 106.74646759 108.182472229 109.212173462 109.736862183 109.706069946 109.129013062 108.075782776 106.666061401 105.046569824 103.364143372 101.742630005 100.269546509 98.9938354492 97.9314575195 97.0741500854 96.3980789185 95.8706665039 95.4557037354 95.1173171997 94.8227462769 94.5446929932 94.2627182007 93.9641418457 93.6427536011 93.2953186035 92.9164047241 92.4939193726 92.0064544678 91.4241256714 90.7122802734 89.8375549316 88.7746276855 87.5117111206 86.0527114868 84.4157867432 82.6290130615 80.725479126 78.7393951416 76.7037811279 74.6496582031 72.6054229736 70.5962677002 68.6435394287 66.7646942139
93.3037261963 93.2797851563 93.3654937744 93.5588760376 93.8703536987 94.3222808838 94.9454956055 95.7732162476 96.8329849243 98.1375045776 99.6757736206 101.406303406 103.25415802 105.113212585 106.854278564 108.338348389 109.433929443 110.036132813 110.085021973 109.578742981 108.577575684 107.195053101 105.576622009 103.871948242 102.210128784 100.684150696 99.3476409912 98.2196807861 97.2936401367 96.5458602905 95.9429244995 95.447052002 95.0207595825 94.6301422119 94.2476806641 93.8538208008 93.4373779297 92.9940414429 92.5223617554 92.0183944702 91.4710693359 90.8599395752 90.1561279297 89.326210022 88.3382644653 87.1684036255 85.8061523438 84.2565765381 82.5389328003 80.6822967529 78.7207565308 76.6892318726 74.6210479736 72.5471115112 70.4954299927 68.4910964966 66.5559768677 64.7085876465
93.8053817749 93.7551498413 93.8014373779 93.9438858032 94.1947631836 94.5782546997 95.1269607544 95.8757400513 96.8537597656 98.0755310059 99.5326538086 101.187263489 102.969223022 104.778175354 106.490890503 107.973388672 109.096763611 109.754997253 109.882591248 109.468322754 108.561149597 107.263877869 105.714012146 104.057182312 102.421966553 100.903358459 99.5581512451 98.4086685181 97.450843811 96.6626281738 96.0111923218 95.4587173462 94.9675369263 94.503944397 94.0411529541 93.5608825684 93.053604126 92.5163803101 91.9487686157 91.3473968506 90.7016525269 89.9915771484 89.1891326904 88.2621765137 87.1802444458 85.9210662842 84.4755325317 82.8500137329 81.0648956299 79.1502990723 77.1412811279 75.0736618042 72.9814529419 70.8960571289 68.8458786011 66.8564834595 64.950553894 63.147518158
