test/RTP15km_surf6.grd
DSAA
350 276
0 698068.229138
-1.9440449250396E-11 549781.696618
-15.475642204285 222.69007873535
[rows 26 to 51 of 276, columns 116 to 173 of 350]
0 0 0 0 0 0 0 0 0 0 0 0 0 0 0 0 0 0 0 0 0 0 0 0 0 0 0 0 0 0 0 0 0 0 0 0 0 0 0 0 0 0 0 0 0 0 0 0 0 0 0 0 0 0 0 0 0 0
0 0 0 0 0 0 0 0 0 0 0 0 0 0 0 0 0 0 0 0 0 0 0 0 0 0 0 0 0 0 0 0 0 0 0 0 0 0 0 0 0 0 0 0 0 0 0 0 0 0 0 0 0 0 0 0 0 0
0 0 0 0 0 0 0 0 0 0 0 0 0 0 0 0 0 0 0 0 0 0 0 0 0 0 0 0 0 0 0 0 0 0 0 0 0 0 0 0 0 0 0 0 0 0 0 0 0 0 0 0 0 0 0 0 0 0
0 0 0 0 0 0 0 0 0 0 0 0 0 0 0 0 0 0 0 0 0 0 0 0 0 0 0 0 0 0 0 0 0 0 0 0 0 0 0 0 0 0 0 0 0 0 0 0 0 0 0 0 0 0 0 0 0 0
0 0 0 0 0 0 0 0 0 0 0 0 0 0 0 0 0 0 0 0 0 0 0 0 0 0 0 0 0 0 0 0 0 0 0 0 0 0 0 0 0 0 0 0 0 0 0 0 0 0 0 0 0 0 0 0 0 0.0598743520677
0 0 0 0 0 0 0 0 0 0 0 0 0 0 0 0 0 0 0 0 0 0 0 0 0 0 0 0 0 0 0 0 0 0 0 0 0 0 0 0 0 0 0 0 0 0 0 0 0 0 0 0 0 0 0 0 0.0468875877559 -1.03414750099
0 0 0 0 0 0 0 0 0 0 0 0 0 0 0 0 0 0 0 0 0 0 0 0 0 0 0 0 0 0 0 0 0 0 0 0 0 0 0 0 0 0 0 0 0 0 0 0 0 0 0 0 0 0 0 0.0318810604513 -0.660974085331 2.69607639313
0 0 0 0 0 0 0 0 0 0 0 0 0 0 0 0 0 0 0 0 0 0 0 0 0 0 0 0 0 0 0 0 0 0 0 0 0 0 0 0 0 0 0 0 0 0 0 0 0 0 0 0 0 0 0.0173395182937 -0.339981645346 0.777531325817 28.4203033447
0 0 0 0 0 0 0 0 0 0 0 0 0 0 0 0 0 0 0 0 0 0 0 0 0 0 0 0 0 0 0 0 0 0 0 0 0 0 0 0 0 0 0 0 0 0 0 0 0 0 0 0 0 0.00579793518409 -0.10620367527 -0.731666564941 27.027929306 30.1903629303
0 0 0 0 0 0 0 0 0 0 0 0 0 0 0 0 0 0 0 0 0 0 0 0 0 0 0 0 0 0 0 0 0 0 0 0 0 0 0 0 0 0 0 0 0 0 0 0 0 0 0 0 0.000140375646879 0.00795207358897 -1.82345414162 25.5509662628 30.2746562958 32.1869277954
0 0 0 0 0 0 0 0 0 0 0 0 0 0 0 0 0 0 0 0 0 0 0 0 0 0 0 0 0 0 0 0 0 0 0 0 0 0 0 0 0 0 0 0 0 0 0 0 0 0 0 0 0.0616800673306 -2.58670830727 23.8338909149 30.791973114 32.4435424805 34.491443634
0 0 0 0 0 0 0 0 0 0 0 0 0 0 0 0 0 0 0 0 0 0 0 0 0 0 0 0 0 0 0 0 0 0 0.00574980303645 -0.31023862958 -0.248641118407 -0.192144796252 -0.1409419626 -0.0967227965593 -0.0604648888111 -0.0325616374612 -0.013118297793 -0.00227073882706 0 0 0 0 0 0 0 0 -1.48569083214 21.9611148834 31.5232906342 33.035030365 34.9877090454 37.1035079956
0 0 0 0 0 0 0 0 0 0 0 0 0 0 0 0 0 0 0 0 0 0 0 0 0 0 0 0 0 0 0 0.0139407832175 -0.193561121821 -0.161974787712 -0.127082914114 1.30783939362 0.924144268036 0.583923578262 0.276145964861 0.00851214490831 -0.221739336848 -0.423226028681 -0.60170841217 -0.763558447361 -0.967191576958 -0.103682942688 0.0660315155983 0 0 0 0 0.130626052618 -3.78342008591 30.0661811829 33.7760925293 35.6906509399 37.8015213013 39.9836044312
0 0 0 0 0 0 0 0 0 0 0 0 0 0 0 0 0 0 0 0 0 0 0 0 0 0 0 0 0 0 0.00455113314092 -0.0911698490381 0.605636894703 0.342450916767 0.239522457123 28.3009052277 27.1648426056 26.389503479 25.3290367126 24.1198635101 22.9001865387 21.7790145874 20.8230342865 20.0605335236 22.6438446045 7.88608026505 -2.70973515511 -1.75430727005 -1.85582685471 -1.96666169167 -2.08528971672 -3.56956100464 17.8710002899 33.4409294128 36.3007392883 38.5276298523 40.7787437439 43.0415878296
0 0 0 0 0 0 0 0 0 0 0 0 0 0 0 0 0 0 0 0 0 0 0 0 0 0 0.00299303606153 -0.0145240388811 -0.00598850194365 -0.000108523679955 0.0114533007145 -1.58300983906 26.52891922 28.1114711761 28.4613437653 30.9205417633 30.844499588 30.4080028534 29.6195888519 28.6378173828 27.6356658936 26.7582416534 26.1015472412 25.7143669128 25.0706863403 21.1886672974 16.9745368958 17.1837291718 17.1264705658 17.2015018463 17.3775291443 16.7070083618 35.0451202393 36.6692733765 38.968788147 41.3974151611 43.7973861694 46.1579551697
-0.590261876583 -1.56750893593 -0.289419859648 -1.40394461155 -1.34206581116 -1.2640235424 -1.17320632935 -1.07339644432 -0.968400359154 -0.861780166626 -0.756667792797 -0.655620276928 -0.560517013073 -0.472525656223 -0.392171233892 -0.319498986006 -0.254291296005 -0.196282505989 -0.145321801305 -0.101461462677 -0.0649580359459 -0.0361988283694 -0.00311770732515 -0.00345901236869 0 0 0.0349848978221 -0.51818549633 -0.889672338963 -1.07241666317 -2.64842748642 25.2907600403 31.1675395966 32.5426673889 33.582649231 33.5918769836 33.598236084 33.0437507629 32.0663566589 30.852306366 29.6052055359 28.4942054749 27.6278553009 27.056596756 26.7066879272 27.6804962158 28.7576255798 29.5016822815 30.6779785156 32.2415924072 34.1906089783 36.6047744751 36.6139221191 39.0009613037 41.6009407043 44.1997070313 46.7466659546 49.2176437378
3.05339455605 1.88982081413 8.58756923676 8.23305225372 7.76341056824 7.19884157181 6.56426095963 5.88608407974 5.18970394135 4.49776792526 3.82907676697 3.19781017303 2.61306929588 2.07898497581 1.5955196619 1.15984463692 0.767925977707 0.415942281485 0.101283110678 -0.179155156016 -0.432806640863 -0.660201072693 -0.17228795588 -1.03781831264 -1.19254982471 -1.33098340034 -3.46575546265 19.7429828644 25.6177368164 25.2689399719 25.3641262054 32.4925727844 33.5073394775 34.8777694702 35.9643478394 36.571685791 36.5838317871 35.9986839294 34.9352493286 33.5981140137 32.2144203186 30.9743595123 29.9996032715 29.3447303772 29.0201873779 29.0204982758 29.3452243805 30.0075626373 31.0305461884 32.4345169067 34.2214202881 36.3618469238 38.7915763855 41.4196891785 44.1462478638 46.8815765381 49.5596580505 52.141872406
22.8328380585 44.3489646912 48.1207389832 49.7791938782 50.8409461975 51.2921791077 51.1604385376 50.5059394836 49.4128684998 47.9823150635 46.3256607056 44.5563316345 42.7786521912 41.0748825073 39.4922676086 38.0540428162 36.7552757263 35.5672607422 34.4457473755 33.3410377502 32.2104072571 33.8289337158 29.8045501709 28.5639152527 27.3618621826 26.2652988434 24.8663215637 30.586561203 32.4404830933 33.1553153992 34.4276313782 34.6819076538 36.1766853333 37.6296005249 38.7866859436 39.4452629089 39.4788169861 38.8794593811 37.7673797607 36.3559417725 34.886428833 33.563747406 32.5202636719 31.8148422241 31.4562854767 31.4338798523 31.7412071228 32.3871040344 33.3931236267 34.781375885 36.5584144592 38.7014884949 41.1534004211 43.828163147 46.6262702942 49.4525794983 52.230304718 54.9069442749
49.5791969299 48.8230781555 51.5655059814 53.7169570923 55.2140083313 56.0265655518 56.1723136902 55.7127876282 54.7478179932 53.3930435181 51.7798271179 50.0441398621 48.3120117188 46.6849746704 45.2306556702 43.9799537659 42.9299697876 42.0500030518 41.2892074585 40.5870094299 39.88697052 38.4619903564 38.3737449646 37.5782356262 36.8210754395 36.1833992004 35.8551750183 34.5000495911 34.4470748901 35.0820350647 36.1097755432 37.4556427002 38.9593811035 40.4087219238 41.5707015991 42.2363319397 42.2729530334 41.6668167114 40.5341110229 39.0884246826 37.5764770508 36.2120895386 35.1362419128 34.4126167297 34.049571991 34.0312767029 34.343837738 34.9887809753 35.9828071594 37.3470802307 39.0916938782 41.2014656067 43.628944397 46.2972373962 49.1119995117 51.9772605896 54.809387207 57.544506073
50.6248855591 54.4016532898 57.7026519775 60.356628418 62.2527389526 63.3383026123 63.6168518066 63.1441078186 62.022605896 60.3931083679 58.4213981628 56.2796478271 54.1252670288 52.0830230713 50.2352180481 48.6208686829 47.2408599854 46.0655517578 45.0435180664 44.1126060486 43.2140197754 42.3066482544 41.3761749268 40.4373092651 39.5325241089 38.7300338745 38.1193122864 37.7990036011 37.8559379578 38.3394203186 39.2382659912 40.4680747986 41.8731842041 43.2440185547 44.3488960266 44.9783821106 44.9965362549 44.3829078674 43.2451705933 41.7904586792 40.2646560669 38.8866271973 37.8050270081 37.0894355774 36.7491493225 36.7636871338 37.1104011536 37.7808189392 38.7833633423 40.1350822449 41.8473701477 43.9113769531 46.2893447876 48.9144630432 51.6998710632 54.5522117615 57.3850364685 60.127117157
55.2321777344 59.6187400818 63.5138397217 66.7219238281 69.097694397 70.5546340942 71.0678939819 70.6776199341 69.4888076782 67.6629943848 65.3990707397 62.9060745239 60.3743095398 57.9537773132 55.7445602417 53.7978591919 52.1230430603 50.6964569092 49.4707870483 48.3861083984 47.3832435608 46.416343689 45.4601707458 44.512348175 43.5948944092 42.7574653625 42.0778312683 41.6517105103 41.5703392029 41.8917388916 42.6154937744 43.6689414978 44.9084854126 46.135974884 47.1290626526 47.6835021973 47.662273407 47.0367431641 45.9017906189 44.4527931213 42.9303588867 41.556186676 40.4867324829 39.7990837097 39.5053215027 39.5811843872 39.9945983887 40.724937439 41.7693939209 43.1376495361 44.8391304016 46.8683509827 49.1945877075 51.7594490051 54.4833946228 57.2775382996 60.0561904907 62.7456130981
59.1882743835 64.1089859009 68.5767364502 72.3659133911 75.2933044434 77.2269363403 78.0977935791 77.9141311646 76.7700500488 74.8388137817 72.3481674194 69.5431289673 66.6487808228 63.8442611694 61.2528686523 58.9441566467 56.942199707 55.2352981567 53.7855567932 52.5396575928 51.4405937195 50.4377670288 49.4926338196 48.5816078186 47.701423645 46.8779182434 46.1715812683 45.6699028015 45.4640884399 45.618106842 46.141910553 46.9773368835 47.9988822937 49.0281143188 49.8606338501 50.3041992188 50.2238731384 49.5820121765 48.4568405151 47.0269432068 45.5234184265 44.1685905457 43.1268844604 42.4847221375 42.2593231201 42.4243659973 42.9387321472 43.7685813904 44.8977050781 46.3254394531 48.0555343628 50.0814590454 52.3749885559 54.8823547363 57.5293235779 60.231842041 62.9078826904 65.4861984253
62.2360839844 67.5837020874 72.5625228882 76.9270858765 80.4550247192 82.9603118896 84.3158035278 84.4813690186 83.5237197876 81.6137924194 78.9981155396 75.9526290894 72.7369308472 69.5631713867 66.5841903687 63.8953094482 61.542427063 59.5317955017 57.8398208618 56.4231071472 55.2285270691 54.2009506226 53.2878913879 52.443813324 51.6390533447 50.8733520508 50.1856079102 49.6490821838 49.3486442566 49.3491477966 49.66822052 50.2625846863 51.0286712646 51.814743042 52.4428977966 52.7407646179 52.5806655884 51.9173126221 50.8100395203 49.4160804749 47.952041626 46.6371994019 45.6427497864 45.0656738281 44.9309654236 45.2129020691 45.8630561829 46.8348655701 48.097743988 49.638217926 51.4503440857 53.5211906433 55.8192100525 58.2901420593 60.86195755 63.454990387 65.9931259155 68.4121704102
64.2800292969 69.9132232666 75.3057098389 80.2012863159 84.3415527344 87.4836730957 89.4338378906 90.0899276733 89.4741134644 87.7371826172 85.1291122437 81.9467544556 78.4805450439 74.9775085449 71.6256332397 68.553062439 65.8345336914 63.5000534058 61.5444831848 59.9371795654 58.6307830811 57.5675735474 56.683555603 55.9141616821 55.2055625916 54.5311508179 53.9045715332 53.3782310486 53.0232315063 52.8988876343 53.0263214111 53.3755531311 53.866317749 54.3779067993 54.7655639648 54.8842048645 54.620098114 53.9246177673 52.839225769 51.4973602295 50.0962371826 48.8470573425 47.9244842529 47.4356994629 47.4155044556 47.8419761658 48.6624526978 49.819644928 51.2689666748 52.9822807312 54.9397468567 57.1160736084 59.4699516296 61.9412307739 64.4567260742 66.9404373169 69.3238449097 71.5533294678
65.3840637207 71.147605896 76.8293685913 82.1731109619 86.8927459717 90.6930923462 93.3125228882 94.5785064697 94.4535903931 93.0493087769 90.6003799438 87.4102478027 83.7921218872 80.0260314941 76.3377838135 72.8936309814 69.8028717041 67.1242980957 64.8750457764 63.0403289795 61.5820503235 60.4446792603 59.5589370728 58.8475227356 58.2367973328 57.6744537354 57.1452331543 56.673915863 56.310092926 56.1009178162 56.066204071 56.1863822937 56.4032707214 56.6279220581 56.7517776489 56.6622123718 56.2659301758 55.5177345276 54.4461364746 53.1621017456 51.8409233093 50.6807022095 49.8548774719 49.4783744812 49.5963096619 50.1933326721 51.2163238525 52.6005210876 54.2887458801 56.2369041443 58.407169342 60.7560577393 63.2263832092 65.7471694946 68.2412490845 70.6353530884 72.8693084717 74.9020767212
65.7472915649 71.4900512695 77.323425293 83.0026473999 88.2264556885 92.6585464478 95.9756393433 97.9328689575 98.4222488403 97.4988479614 95.3627090454 92.3067398071 88.6548538208 84.7136383057 80.7451705933 76.955696106 73.492729187 70.4477462769 67.8638305664 65.7461242676 64.0714950562 62.7945899963 61.8502883911 61.1573181152 60.6279029846 60.1849708557 59.7808952332 59.4064292908 59.0823707581 58.8373527527 58.6851043701 58.6124839783 58.5798988342 58.5274391174 58.3816719055 58.064163208 57.5070381165 56.6759147644 55.5941467285 54.3556976318 53.1152572632 52.0550880432 51.342754364 51.096950531 51.3717498779 52.1598777771 53.4111557007 55.0570793152 57.0299606323 59.269077301 61.7154312134 64.3026123047 66.9528884888 69.5808258057 72.1028289795 74.4469451904 76.5605621338 78.4149169922
